0.07
1.34
220.09
0.07
1.58
220.09
0.07
1.34
220.08
0.07
1.58
220.09
0.07
0.87
220.09
0.07
0.87
220.09
0.07
1.28
220.08
0.07
0.87
220.08
0.07
1.58
220.08
0.07
1.58
220.08
0.07
1.58
220.09
0.07
1.11
220.09
0.07
1.11
220.09
0.07
1.81
220.08
0.07
1.34
220.09
0.07
1.34
220.08
0.07
1.34
220.09
0.07
1.81
220.08
0.07
1.34
220.08
0.07
1.11
220.08
0.07
1.11
220.09
0.07
1.05
220.08
0.07
1.11
220.09
0.07
1.34
220.09
0.07
1.34
220.09
0.07
1.58
220.09
0.07
1.52
220.09
0.07
1.34
220.09
0.07
0.87
220.08
0.07
0.87
220.09
0.07
1.58
220.08
0.07
1.28
220.09
0.07
1.75
220.09
0.07
1.28
220.09
0.07
0.82
220.08
0.07
1.34
220.09
0.07
1.28
220.09
0.07
1.34
220.08
0.07
1.11
220.08
0.07
1.58
220.09
0.07
1.11
220.09
0.07
1.34
220.09
0.07
1.11
220.09
0.07
1.34
220.08
0.07
1.11
220.09
0.07
1.28
220.08
0.07
1.34
220.08
0.07
1.75
220.09
0.07
2.69
220.08
0.07
2.22
220.09
0.07
2.22
220.09
0.07
2.69
220.08
0.07
3.16
220.09
0.07
3.57
220.09
0.07
2.22
220.08
0.07
2.69
220.08
0.07
1.69
220.09
0.07
1.75
220.08
0.07
3.16
220.08
0.07
1.75
220.08
0.07
2.69
220.08
0.07
2.63
220.08
0.07
1.75
220.09
0.07
2.69
220.09
0.07
2.22
220.09
0.07
2.69
220.09
0.07
2.22
220.08
0.07
3.16
220.09
0.07
2.22
220.08
0.07
3.57
220.08
0.07
2.22
220.08
0.07
2.22
220.08
0.07
2.69
220.08
0.07
3.63
220.08
0.07
2.69
220.08
0.07
2.69
220.08
0.07
2.69
220.09
0.07
2.69
220.09
0.07
2.22
220.09
0.07
3.16
220.08
0.07
2.69
220.08
0.07
2.22
220.09
0.07
2.69
220.09
0.07
2.69
220.08
0.07
2.69
220.09
0.07
3.16
220.09
0.07
2.22
220.09
0.07
2.22
220.08
0.07
2.22
220.08
0.07
2.22
220.08
0.07
2.69
220.08
0.07
2.16
220.08
0.07
2.69
220.08
0.07
2.63
220.09
0.07
2.69
220.09
0.07
2.63
220.08
0.07
1.75
220.09
0.07
3.33
220.09
0.07
3.98
220.08
0.07
3.39
220.08
0.07
3.98
220.08
0.07
3.39
220.09
0.07
2.81
220.08
0.07
3.39
220.09
0.07
3.98
220.09
0.07
3.39
220.09
0.07
3.39
220.08
0.07
3.39
220.08
0.07
3.98
220.09
0.07
3.45
220.08
0.07
2.81
220.09
0.07
2.87
220.09
0.07
4.57
220.08
0.07
3.98
220.08
0.07
2.81
220.08
0.07
3.98
220.08
0.07
2.81
220.08
0.07
2.81
220.09
0.07
2.22
220.08
0.07
3.98
220.08
0.07
2.87
220.08
0.07
2.22
220.08
0.07
2.81
220.08
0.07
3.98
220.08
0.07
3.39
220.08
0.07
3.39
220.08
0.07
3.39
220.09
0.07
3.39
220.09
0.07
2.81
220.08
0.07
2.81
220.08
0.07
3.98
220.09
0.07
3.39
220.08
0.07
2.81
220.08
0.07
2.81
220.09
0.07
3.45
220.08
0.07
4.04
220.09
0.07
2.81
220.09
0.07
3.39
220.09
0.07
2.87
220.08
0.07
2.81
220.08
0.07
3.39
220.08
0.07
2.81
220.08
0.07
2.81
220.08
0.07
2.28
220.09
0.07
2.22
220.09
0.07
3.98
220.08
0.07
2.81
220.08
0.07
3.39
220.08
0.07
4.57
220.08
0.08
6.85
220.08
0.08
6.85
220.08
0.08
6.85
220.08
0.08
6.85
220.08
0.08
6.85
220.09
0.08
6.85
220.08
0.08
6.85
220.08
0.08
6.91
220.09
0.08
6.85
220.08
0.08
6.85
220.09
0.08
6.85
220.08
0.08
6.91
220.08
0.08
6.85
220.08
0.08
6.91
220.08
0.08
6.85
220.08
0.08
6.85
220.08
0.08
6.85
220.08
0.08
6.85
220.09
0.08
6.85
220.08
0.08
6.85
220.08
0.08
6.85
220.08
0.08
6.91
220.08
0.08
6.85
220.08
0.08
6.85
220.08
0.08
6.85
220.08
0.08
6.91
220.08
0.08
6.85
220.08
0.08
6.85
220.08
0.08
6.85
220.08
0.08
6.85
220.09
0.08
6.85
220.08
0.08
6.85
220.09
0.08
6.85
220.08
0.08
6.85
220.08
0.08
6.85
220.09
0.08
6.85
220.08
0.08
6.85
220.09
0.08
6.91
220.08
0.08
6.85
220.09
0.08
6.85
220.08
0.08
6.85
220.09
0.08
6.85
220.09
0.08
6.85
220.08
0.08
6.85
220.08
0.08
6.85
220.08
0.08
6.91
220.08
0.08
6.85
220.09
0.08
6.85
220.08
0.08
6.85
220.08
0.08
6.85
220.08
0.08
6.85
220.09
0.08
6.85
220.08
0.08
6.91
220.08
0.08
6.85
220.09
0.08
6.85
220.08
0.08
8.67
220.08
0.08
8.67
220.08
0.08
8.67
220.08
0.08
8.67
220.09
0.08
8.67
220.08
0.08
8.67
220.08
0.08
8.67
220.08
0.08
8.73
220.09
0.08
8.67
220.09
0.08
8.67
220.08
0.08
8.67
220.08
0.08
8.61
220.09
0.08
8.67
220.08
0.08
8.67
220.08
0.08
8.67
220.09
0.08
8.67
220.08
0.08
8.67
220.08
0.08
8.67
220.08
0.08
8.67
220.08
0.08
8.67
220.08
0.08
8.67
220.09
0.08
8.67
220.08
0.08
8.67
220.08
0.08
8.67
220.08
0.08
8.67
220.08
0.08
8.67
220.08
0.08
8.67
220.09
0.08
8.67
220.08
0.08
8.67
220.08
0.08
8.73
220.08
0.08
8.67
220.08
0.08
8.73
220.08
0.08
8.67
220.08
0.08
8.73
220.08
0.08
8.67
220.09
0.08
8.67
220.08
0.08
8.67
220.08
0.08
8.67
220.08
0.08
8.67
220.08
0.08
8.67
220.08
0.08
8.67
220.08
0.08
8.67
220.08
0.08
8.67
220.08
0.08
8.67
220.09
0.08
8.67
220.08
0.08
8.67
220.08
0.08
8.67
220.08
0.08
10.60
220.08
0.08
10.60
220.08
0.08
10.60
220.08
0.08
10.60
220.08
0.08
10.60
220.08
0.08
10.54
220.08
0.08
10.60
220.08
0.08
10.60
220.08
0.08
10.54
220.08
0.08
10.60
220.08
0.08
10.60
220.09
0.08
10.54
220.08
0.08
10.54
220.08
0.08
10.54
220.08
0.08
10.60
220.09
0.08
10.60
220.08
0.08
10.60
220.08
0.08
10.60
220.08
0.08
10.60
220.08
0.08
10.54
220.09
0.08
10.60
220.08
0.08
10.54
220.08
0.08
10.60
220.08
0.08
10.60
220.08
0.08
10.60
220.09
0.08
10.60
220.08
0.08
10.54
220.08
0.08
10.60
220.08
0.08
10.54
220.08
0.08
10.60
220.08
0.08
10.60
220.08
0.08
10.54
220.08
0.08
10.54
220.08
0.08
10.60
220.08
0.08
10.54
220.09
0.08
10.60
220.09
0.08
10.54
220.08
0.08
10.60
220.08
0.08
10.54
220.08
0.08
10.54
220.08
0.08
11.36
220.09
0.09
11.54
220.08
0.09
11.54
220.08
0.09
11.54
220.08
0.09
11.60
220.08
0.09
11.54
220.08
0.09
11.54
220.08
0.09
11.54
220.09
0.09
11.54
220.08
0.09
11.54
220.08
0.09
11.54
220.08
0.09
11.54
220.08
0.09
11.54
220.08
0.09
11.54
220.09
0.09
11.60
220.08
0.09
11.54
220.09
0.09
11.54
220.08
0.09
11.54
220.08
0.09
11.54
220.08
0.09
11.54
220.08
0.09
11.54
220.08
0.09
11.60
220.08
0.09
11.54
220.08
0.09
11.54
220.08
0.09
11.54
220.08
0.09
11.54
220.09
0.09
11.48
220.08
0.09
11.54
220.09
0.09
11.54
220.08
0.09
11.54
220.08
0.09
11.54
220.08
0.09
11.54
220.09
0.09
11.54
220.09
0.09
11.54
220.08
0.09
11.54
220.08
0.09
11.54
220.08
0.09
11.54
220.08
0.09
11.54
220.08
0.09
11.54
220.08
0.09
11.54
220.08
0.09
11.48
220.08
0.09
11.54
220.08
0.09
11.60
220.09
0.09
11.60
220.08
0.09
11.54
220.08
0.09
11.48
220.08
0.09
11.54
220.09
0.09
11.54
220.08
0.09
11.54
220.09
0.09
11.54
220.09
0.09
11.54
220.08
0.09
11.54
220.08
0.09
11.54
220.08
0.09
11.54
220.08
0.09
11.54
220.08
0.09
11.54
220.08
0.09
13.35
220.08
0.09
13.35
220.09
0.09
13.35
220.09
0.09
13.35
220.08
0.09
13.35
220.08
0.09
13.30
220.08
0.09
13.35
220.08
0.09
13.35
220.08
0.09
13.35
220.08
0.09
13.35
220.08
0.09
13.30
220.09
0.09
13.35
220.09
0.09
13.30
220.08
0.09
13.30
220.09
0.09
13.30
220.08
0.09
13.35
220.08
0.09
13.30
220.09
0.09
13.35
220.08
0.09
13.35
220.08
0.09
13.35
220.08
0.09
13.35
220.08
0.09
13.30
220.09
0.09
13.35
220.08
0.09
13.35
220.08
0.09
13.35
220.08
0.09
13.35
220.08
0.09
13.30
220.08
0.09
13.30
220.09
0.09
13.35
220.08
0.09
13.24
220.08
0.09
13.30
220.08
0.09
13.35
220.08
0.09
13.30
220.08
0.09
13.35
220.08
0.09
13.30
220.08
0.09
13.35
220.08
0.09
13.30
220.08
0.09
13.30
220.08
0.09
13.35
220.08
0.09
13.30
220.08
0.09
13.35
220.08
0.09
13.35
220.08
0.09
13.35
220.08
0.09
13.35
220.08
0.09
13.30
220.09
0.09
13.35
220.08
0.09
13.35
220.08
0.09
13.35
220.09
0.09
13.35
220.08
0.09
13.35
220.08
0.09
13.35
220.08
0.09
13.30
220.08
0.09
13.30
220.08
0.09
13.35
220.08
0.09
13.30
220.08
0.09
14.29
220.08
0.09
14.29
220.08
0.09
14.29
220.08
0.09
14.29
220.09
0.09
14.29
220.08
0.09
14.29
220.08
0.09
14.29
220.08
0.09
14.29
220.08
0.09
14.29
220.09
0.09
14.29
220.09
0.09
14.29
220.08
0.09
14.29
220.08
0.09
14.29
220.08
0.09
14.29
220.08
0.09
14.29
220.09
0.09
14.29
220.08
0.09
14.29
220.08
0.09
14.23
220.08
0.09
14.29
220.08
0.09
14.29
220.08
0.09
14.29
220.08
0.09
14.29
220.08
0.09
14.29
220.08
0.09
14.29
220.08
0.09
14.29
220.08
0.09
14.29
220.09
0.09
14.29
220.09
0.09
14.35
220.08
0.09
14.29
220.08
0.09
14.29
220.09
0.09
14.29
220.09
0.09
14.29
220.09
0.09
14.35
220.08
0.09
14.23
220.08
0.09
14.29
220.08
0.09
14.35
220.08
0.09
14.29
220.08
0.09
14.29
220.08
0.09
14.29
220.08
0.09
14.29
220.08
0.09
14.35
220.08
0.09
14.29
220.08
0.09
14.29
220.08
0.09
14.29
220.08
0.09
14.35
220.08
0.09
14.29
220.08
0.09
14.35
220.08
0.09
14.29
220.08
0.09
14.23
220.08
0.09
14.29
220.08
0.09
14.29
220.08
0.09
14.29
220.08
0.09
14.35
220.08
0.09
14.29
220.08
0.09
14.29
220.08
0.09
14.64
220.08
0.10
15.58
220.08
0.10
15.64
220.09
0.10
15.64
220.08
0.10
15.64
220.08
0.10
15.64
220.08
0.10
15.58
220.08
0.10
15.64
220.08
0.10
15.64
220.08
0.10
15.58
220.08
0.10
15.64
220.08
0.10
15.64
220.09
0.10
15.64
220.08
0.10
15.64
220.08
0.10
15.58
220.08
0.10
15.58
220.08
0.10
15.64
220.08
0.10
15.64
220.08
0.10
15.64
220.09
0.10
15.64
220.08
0.10
15.58
220.08
0.10
15.58
220.08
0.10
15.58
220.08
0.10
15.64
220.08
0.10
15.64
220.08
0.10
15.64
220.08
0.10
15.58
220.08
0.10
15.58
220.08
0.10
15.64
220.08
0.10
15.58
220.08
0.10
15.58
220.08
0.10
15.64
220.08
0.10
15.58
220.08
0.10
15.64
220.08
0.10
15.58
220.08
0.10
15.64
220.08
0.10
15.64
220.08
0.10
15.64
220.08
0.10
15.64
220.08
0.10
15.64
220.08
0.10
15.64
220.08
0.10
15.64
220.08
0.10
15.64
220.08
0.10
15.58
220.08
0.10
15.64
220.08
0.10
15.64
220.08
0.10
15.64
220.08
0.10
15.64
220.08
0.10
15.58
220.08
0.10
15.58
220.08
0.10
15.58
220.08
0.10
15.58
220.08
0.10
15.58
220.09
0.10
15.64
220.08
0.10
15.64
220.08
0.10
15.58
220.08
0.10
16.58
220.08
0.10
16.58
220.08
0.10
16.58
220.08
0.10
16.58
220.08
0.10
16.64
220.08
0.10
16.58
220.08
0.10
16.64
220.08
0.10
16.64
220.08
0.10
16.58
220.08
0.10
16.64
220.08
0.10
16.58
220.09
0.10
16.58
220.08
0.10
16.58
220.08
0.10
16.58
220.08
0.10
16.58
220.08
0.10
16.58
220.09
0.10
16.58
220.08
0.10
16.58
220.09
0.10
16.64
220.08
0.10
16.58
220.08
0.10
16.58
220.08
0.10
16.58
220.08
0.10
16.58
220.08
0.10
16.64
220.08
0.10
16.58
220.08
0.10
16.58
220.08
0.10
16.58
220.08
0.10
16.58
220.08
0.10
16.58
220.08
0.10
16.58
220.08
0.10
16.58
220.08
0.10
16.58
220.08
0.10
16.58
220.08
0.10
16.52
220.08
0.10
16.64
220.08
0.10
16.58
220.08
0.10
16.58
220.08
0.10
16.58
220.08
0.10
16.64
220.08
0.10
16.58
220.08
0.10
16.58
220.08
0.10
16.58
220.09
0.10
16.64
220.08
0.10
16.58
220.08
0.10
16.58
220.08
0.10
16.58
220.08
0.10
16.58
220.08
0.10
16.58
220.08
0.10
16.58
220.08
0.10
16.58
220.08
0.10
16.58
220.09
0.10
16.58
220.08
0.10
16.58
220.08
0.10
16.58
220.09
0.10
16.58
220.08
0.10
18.39
220.08
0.11
18.39
220.08
0.11
18.39
220.08
0.11
18.39
220.08
0.11
18.39
220.08
0.11
18.39
220.08
0.11
18.33
220.09
0.11
18.39
220.08
0.11
18.39
220.08
0.11
18.39
220.08
0.11
18.33
220.08
0.11
18.39
220.08
0.11
18.39
220.08
0.11
18.39
220.08
0.11
18.45
220.08
0.11
18.39
220.08
0.11
18.39
220.08
0.11
18.39
220.08
0.11
18.39
220.08
0.11
18.39
220.08
0.11
18.39
220.08
0.11
18.33
220.08
0.11
18.39
220.09
0.11
18.39
220.08
0.11
18.33
220.08
0.11
18.39
220.08
0.11
18.33
220.08
0.11
18.39
220.08
0.11
18.39
220.08
0.11
18.39
220.08
0.11
18.39
220.08
0.11
18.45
220.08
0.11
18.39
220.08
0.11
18.39
220.08
0.11
18.39
220.08
0.11
18.39
220.08
0.11
18.39
220.08
0.11
18.39
220.08
0.11
18.39
220.08
0.11
18.33
220.09
0.11
18.39
220.08
0.11
18.39
220.09
0.11
18.39
220.08
0.11
18.39
220.08
0.11
18.39
220.08
0.11
18.39
220.08
0.11
18.39
220.08
0.11
18.39
220.08
0.11
18.39
220.08
0.11
18.39
220.08
0.11
18.33
220.08
0.11
18.39
220.08
0.11
18.39
220.08
0.11
18.39
220.09
0.11
18.39
220.08
0.11
19.27
220.08
0.11
20.27
220.08
0.11
20.27
220.08
0.11
20.27
220.09
0.11
20.27
220.08
0.11
20.27
220.08
0.11
20.33
220.09
0.11
20.27
220.08
0.11
20.27
220.08
0.11
20.27
220.08
0.11
20.27
220.08
0.11
20.27
220.08
0.11
20.33
220.08
0.11
20.27
220.08
0.11
20.27
220.08
0.11
20.27
220.08
0.11
20.27
220.08
0.11
20.27
220.08
0.11
20.27
220.08
0.11
20.27
220.09
0.11
20.27
220.08
0.11
20.27
220.08
0.11
20.27
220.08
0.11
20.27
220.08
0.11
20.27
220.08
0.11
20.33
220.08
0.11
20.33
220.08
0.11
20.27
220.08
0.11
20.27
220.09
0.11
20.27
220.08
0.11
20.21
220.08
0.11
20.27
220.08
0.11
20.21
220.08
0.11
20.27
220.08
0.11
20.27
220.08
0.11
20.27
220.08
0.11
20.27
220.08
0.11
20.27
220.08
0.11
20.27
220.08
0.11
20.27
220.08
0.11
20.33
220.08
0.11
20.27
220.08
0.11
20.27
220.08
0.11
20.27
220.08
0.11
20.27
220.09
0.11
20.27
220.09
0.11
20.27
220.08
0.11
20.27
220.09
0.11
20.27
220.08
0.11
20.33
220.08
0.11
20.27
220.09
0.11
20.27
220.08
0.11
20.27
220.09
0.11
20.27
220.08
0.11
20.27
220.08
0.11
20.27
220.08
0.12
21.26
220.08
0.12
21.26
220.08
0.12
21.26
220.08
0.12
21.26
220.08
0.12
21.26
220.08
0.12
21.26
220.08
0.12
21.26
220.08
0.12
21.26
220.08
0.12
21.26
220.08
0.12
21.26
220.08
0.12
21.32
220.08
0.12
21.32
220.08
0.12
21.26
220.08
0.12
21.26
220.08
0.12
21.26
220.08
0.12
21.26
220.08
0.12
21.26
220.08
0.12
21.26
220.08
0.12
21.26
220.08
0.12
21.26
220.08
0.12
21.32
220.08
0.12
21.26
220.08
0.12
21.21
220.08
0.12
21.26
220.08
0.12
21.26
220.07
0.12
21.26
220.08
0.12
21.26
220.08
0.12
21.26
220.08
0.12
21.26
220.08
0.12
21.26
220.08
0.12
21.26
220.08
0.12
21.26
220.08
0.12
21.26
220.08
0.12
21.26
220.08
0.12
21.26
220.08
0.12
23.08
220.08
0.12
23.08
220.08
0.12
23.02
220.08
0.12
23.08
220.08
0.12
23.08
220.08
0.12
23.08
220.08
0.12
23.08
220.08
0.12
23.08
220.08
0.12
23.08
220.08
0.12
23.02
220.08
0.12
23.08
220.08
0.12
23.08
220.08
0.12
23.02
220.08
0.12
23.02
220.09
0.12
23.08
220.08
0.12
23.08
220.08
0.12
23.08
220.08
0.12
23.08
220.08
0.12
23.08
220.08
0.12
23.08
220.08
0.12
23.02
220.08
0.12
23.08
220.08
0.12
23.08
220.08
0.12
23.08
220.08
0.12
23.08
220.08
0.12
23.08
220.08
0.12
23.02
220.08
0.12
23.08
220.08
0.12
23.02
220.08
0.12
23.08
220.08
0.12
23.02
220.08
0.12
23.08
220.08
0.12
23.08
220.08
0.12
23.02
220.08
0.12
23.08
220.08
0.12
23.08
220.08
0.12
23.08
220.08
0.12
23.08
220.08
0.12
23.02
220.08
0.12
23.08
220.08
0.12
23.02
220.09
0.12
23.08
220.08
0.12
23.08
220.08
0.12
23.08
220.08
0.12
23.08
220.08
0.12
23.08
220.08
0.12
23.14
220.08
0.12
23.08
220.08
0.12
23.08
220.08
0.12
23.02
220.08
0.12
23.08
220.09
0.12
23.02
220.08
0.12
23.02
220.08
0.12
23.08
220.08
0.12
23.02
220.08
0.12
25.25
220.09
0.13
25.37
220.08
0.13
25.37
220.08
0.13
25.37
220.08
0.13
25.37
220.08
0.13
25.37
220.08
0.13
25.37
220.09
0.13
25.42
220.08
0.13
25.37
220.08
0.13
25.37
220.08
0.13
25.31
220.09
0.13
25.37
220.08
0.13
25.31
220.08
0.13
25.37
220.08
0.13
25.31
220.08
0.13
25.37
220.08
0.13
25.37
220.08
0.13
25.37
220.08
0.13
25.37
220.08
0.13
25.37
220.08
0.13
25.37
220.08
0.13
25.37
220.08
0.13
25.37
220.08
0.13
25.31
220.08
0.13
25.31
220.08
0.13
25.37
220.08
0.13
25.37
220.08
0.13
25.31
220.08
0.13
25.37
220.08
0.13
25.37
220.08
0.13
25.37
220.08
0.13
25.31
220.08
0.13
25.37
220.08
0.13
25.31
220.08
0.13
25.37
220.08
0.13
25.37
220.08
0.13
25.37
220.08
0.13
25.31
220.08
0.13
25.31
220.08
0.13
25.31
220.08
0.13
25.37
220.08
0.13
25.31
220.08
0.13
25.37
220.08
0.13
25.31
220.08
0.13
25.37
220.08
0.13
25.31
220.08
0.13
25.37
220.08
0.13
25.37
220.08
0.13
25.31
220.08
0.13
25.37
220.08
0.13
25.37
220.08
0.13
25.31
220.08
0.13
25.37
220.08
0.13
25.37
220.08
0.13
25.37
220.08
0.13
25.42
220.08
0.14
26.36
220.08
0.14
26.30
220.08
0.14
26.36
220.08
0.14
26.30
220.08
0.14
26.30
220.08
0.14
26.30
220.08
0.14
26.25
220.08
0.14
26.30
220.08
0.14
26.30
220.08
0.14
26.30
220.08
0.14
26.30
220.08
0.14
26.30
220.08
0.14
26.36
220.08
0.14
26.30
220.08
0.14
26.30
220.08
0.14
26.30
220.08
0.14
26.25
220.08
0.14
26.30
220.08
0.14
26.30
220.08
0.14
26.30
220.08
0.14
26.30
220.08
0.14
26.30
220.08
0.14
26.25
220.08
0.14
26.30
220.08
0.14
26.30
220.08
0.14
26.30
220.08
0.14
26.30
220.08
0.14
26.30
220.08
0.14
26.30
220.08
0.14
26.30
220.08
0.14
26.25
220.08
0.14
26.30
220.08
0.14
26.30
220.08
0.14
26.30
220.08
0.14
26.30
220.08
0.14
26.25
220.08
0.14
26.30
220.08
0.14
26.36
220.08
0.14
26.30
220.08
0.14
26.30
220.08
0.14
26.30
220.08
0.14
26.25
220.08
0.14
26.30
220.08
0.14
26.30
220.08
0.14
26.30
220.08
0.14
26.30
220.08
0.14
26.36
220.08
0.14
26.30
220.08
0.14
26.30
220.08
0.14
26.36
220.08
0.14
26.30
220.08
0.14
26.30
220.08
0.14
26.30
220.08
0.14
26.30
220.08
0.14
26.30
220.08
0.14
28.06
220.09
0.14
28.12
220.08
0.14
28.12
220.08
0.14
28.06
220.08
0.14
28.12
220.08
0.14
28.06
220.08
0.14
28.06
220.08
0.14
28.12
220.08
0.14
28.06
220.08
0.14
28.06
220.08
0.14
28.12
220.08
0.14
28.12
220.08
0.14
28.06
220.08
0.14
28.12
220.08
0.14
28.12
220.08
0.14
28.18
220.08
0.14
28.12
220.08
0.14
28.06
220.08
0.14
28.06
220.08
0.14
28.12
220.08
0.14
28.12
220.08
0.14
28.12
220.08
0.14
28.12
220.08
0.14
28.06
220.08
0.14
28.12
220.08
0.14
28.06
220.08
0.14
28.12
220.08
0.14
28.12
220.08
0.14
28.12
220.08
0.14
28.06
220.08
0.14
28.06
220.08
0.14
28.06
220.08
0.14
28.12
220.08
0.14
28.12
220.08
0.14
28.12
220.08
0.14
28.06
220.08
0.14
28.12
220.08
0.14
28.12
220.08
0.14
28.06
220.09
0.14
28.12
220.08
0.14
28.12
220.08
0.14
28.12
220.08
0.14
28.12
220.08
0.14
28.12
220.08
0.14
28.12
220.08
0.14
28.12
220.08
0.14
28.12
220.08
0.14
28.12
220.08
0.14
28.12
220.08
0.14
28.12
220.08
0.14
28.12
220.08
0.14
28.06
220.08
0.14
28.06
220.08
0.14
28.06
220.08
0.14
28.12
220.08
0.14
30.00
220.08
0.15
30.05
220.08
0.15
30.05
220.08
0.15
30.00
220.08
0.15
30.05
220.08
0.15
30.05
220.08
0.15
30.00
220.08
0.15
30.05
220.08
0.15
30.05
220.08
0.15
30.00
220.08
0.15
30.05
220.08
0.15
30.05
220.08
0.15
30.00
220.08
0.15
30.05
220.07
0.15
30.05
220.08
0.15
30.05
220.08
0.15
30.05
220.08
0.15
30.05
220.08
0.15
30.00
220.08
0.15
30.05
220.08
0.15
30.05
220.08
0.15
30.00
220.08
0.15
30.05
220.08
0.15
30.05
220.08
0.15
30.05
220.08
0.15
30.05
220.08
0.15
30.00
220.08
0.15
30.00
220.08
0.15
30.05
220.08
0.15
30.05
220.08
0.15
30.00
220.08
0.15
30.05
220.08
0.15
30.00
220.08
0.15
30.05
220.08
0.15
30.00
220.08
0.15
30.00
220.08
0.15
30.05
220.08
0.15
30.00
220.08
0.15
30.00
220.08
0.15
30.00
220.08
0.15
30.05
220.08
0.15
30.00
220.08
0.15
30.00
220.08
0.15
30.05
220.08
0.15
30.00
220.08
0.15
30.00
220.08
0.15
30.00
220.08
0.15
30.00
220.08
0.15
30.05
220.08
0.15
30.05
220.08
0.15
30.00
220.08
0.15
30.00
220.08
0.15
30.05
220.08
0.15
30.05
220.08
0.15
30.00
220.08
0.15
30.87
220.08
0.16
32.75
220.08
0.16
32.81
220.08
0.16
32.75
220.08
0.16
32.75
220.08
0.16
32.75
220.08
0.16
32.75
220.09
0.16
32.81
220.08
0.16
32.75
220.08
0.16
32.75
220.08
0.16
32.75
220.08
0.16
32.81
220.08
0.16
32.75
220.08
0.16
32.81
220.08
0.16
32.75
220.08
0.16
32.75
220.08
0.16
32.75
220.08
0.16
32.75
220.07
0.16
32.75
220.08
0.16
32.75
220.09
0.16
32.81
220.08
0.16
32.75
220.08
0.16
32.75
220.08
0.16
32.75
220.08
0.16
32.69
220.08
0.16
32.69
220.08
0.16
32.75
220.08
0.16
32.81
220.08
0.16
32.75
220.08
0.16
32.81
220.08
0.16
32.81
220.08
0.16
32.81
220.08
0.16
32.81
220.07
0.16
32.75
220.08
0.16
32.75
220.08
0.16
32.81
220.08
0.16
32.81
220.08
0.16
32.75
220.08
0.16
32.75
220.08
0.16
32.75
220.08
0.16
32.75
220.08
0.16
32.75
220.08
0.16
32.75
220.08
0.16
32.81
220.08
0.16
32.75
220.08
0.16
32.75
220.08
0.16
32.75
220.08
0.16
32.75
220.08
0.16
32.75
220.08
0.16
32.81
220.08
0.16
32.75
220.08
0.16
32.81
220.08
0.16
32.75
220.08
0.16
32.75
220.08
0.16
32.75
220.08
0.16
32.75
220.08
0.17
33.75
220.08
0.17
33.75
220.08
0.17
33.69
220.08
0.17
33.75
220.08
0.17
33.75
220.08
0.17
33.75
220.08
0.17
33.75
220.08
0.17
33.75
220.08
0.17
33.75
220.08
0.17
33.75
220.08
0.17
33.75
220.08
0.17
33.69
220.08
0.17
33.75
220.08
0.17
33.69
220.08
0.17
33.69
220.08
0.17
33.75
220.08
0.17
33.75
220.08
0.17
33.75
220.08
0.17
33.75
220.08
0.17
33.69
220.08
0.17
33.75
220.08
0.17
33.75
220.08
0.17
33.69
220.08
0.17
33.75
220.08
0.17
33.69
220.08
0.17
33.69
220.08
0.17
33.75
220.08
0.17
33.75
220.08
0.17
33.69
220.08
0.17
33.75
220.08
0.17
33.75
220.08
0.17
33.75
220.08
0.17
33.75
220.08
0.17
33.75
220.08
0.17
33.75
220.08
0.17
33.69
220.08
0.17
33.75
220.08
0.17
33.75
220.08
0.17
33.69
220.07
0.17
33.75
220.08
0.17
33.69
220.08
0.17
33.69
220.08
0.17
33.75
220.08
0.17
33.75
220.08
0.17
33.75
220.08
0.17
33.75
220.08
0.17
33.75
220.08
0.17
33.75
220.08
0.17
33.75
220.08
0.17
33.63
220.08
0.17
33.75
220.08
0.17
33.69
220.08
0.17
33.75
220.08
0.17
33.75
220.08
0.17
33.75
220.08
0.17
36.03
220.08
0.17
36.03
220.08
0.17
35.97
220.08
0.17
35.97
220.08
0.17
35.97
220.08
0.17
35.97
220.08
0.17
36.03
220.08
0.17
35.97
220.08
0.17
36.03
220.08
0.17
35.97
220.08
0.17
36.03
220.08
0.17
36.03
220.08
0.17
35.97
220.08
0.17
36.03
220.08
0.17
36.03
220.08
0.17
36.03
220.08
0.17
36.03
220.08
0.17
36.03
220.08
0.17
36.03
220.08
0.17
36.03
220.08
0.17
36.03
220.08
0.17
36.03
220.08
0.17
35.97
220.08
0.17
35.97
220.08
0.17
36.03
220.08
0.17
35.97
220.08
0.17
35.97
220.09
0.17
36.03
220.08
0.17
36.03
220.08
0.17
35.97
220.08
0.17
36.03
220.08
0.17
36.03
220.08
0.17
36.03
220.08
0.17
36.03
220.08
0.17
36.03
220.08
0.17
36.03
220.08
0.17
36.03
220.08
0.17
36.03
220.08
0.17
36.03
220.08
0.17
36.03
220.08
0.17
35.97
220.08
0.17
36.03
220.08
0.17
36.03
220.08
0.17
36.03
220.08
0.17
36.03
220.08
0.17
36.03
220.08
0.17
36.03
220.08
0.17
35.97
220.08
0.17
36.03
220.08
0.17
36.03
220.08
0.17
36.03
220.08
0.17
36.03
220.08
0.17
35.97
220.08
0.17
36.03
220.08
0.17
35.97
220.08
0.17
36.56
220.08
0.18
37.85
220.08
0.18
37.85
