1.89	216.85	0.07
1.72	216.85	0.07
1.70	216.60	0.07
1.77	216.85	0.07
1.79	217.36	0.07
1.64	217.10	0.07
1.74	217.36	0.07
1.72	217.36	0.07
1.61	217.36	0.07
1.82	217.10	0.07
1.79	216.35	0.07
1.65	217.61	0.07
1.65	217.36	0.07
1.72	216.85	0.07
1.88	217.61	0.07
1.64	216.35	0.07
1.60	217.10	0.07
1.83	217.36	0.07
1.62	217.61	0.07
1.65	217.61	0.07
1.79	217.61	0.07
1.68	217.61	0.07
1.60	216.85	0.07
1.76	217.36	0.07
1.61	216.85	0.07
1.76	217.36	0.07
1.83	217.61	0.07
1.70	216.85	0.07
1.91	217.36	0.07
1.73	217.10	0.07
1.81	217.36	0.07
1.64	217.36	0.07
1.67	217.10	0.07
1.75	217.61	0.07
1.66	216.85	0.07
1.58	216.60	0.07
1.68	217.10	0.07
1.71	216.85	0.07
1.68	217.10	0.07
1.66	216.85	0.07
1.63	216.85	0.07
1.77	216.85	0.07
1.75	216.85	0.07
1.61	216.85	0.07
1.78	216.85	0.07
1.61	217.61	0.07
1.65	217.10	0.07
1.65	217.36	0.07
1.62	217.10	0.07
1.56	217.36	0.07
1.72	216.85	0.07
1.83	216.85	0.07
3.24	217.36	0.07
3.60	217.36	0.07
3.58	217.36	0.07
3.64	216.85	0.07
3.48	217.10	0.07
3.53	217.61	0.07
3.63	217.36	0.07
3.31	217.10	0.07
3.32	217.61	0.07
3.57	217.36	0.07
3.39	217.36	0.07
3.31	216.85	0.07
3.67	216.85	0.07
3.36	217.61	0.07
3.58	217.10	0.07
3.60	217.61	0.07
3.51	217.36	0.07
3.66	217.61	0.07
3.52	217.36	0.07
3.24	217.61	0.07
3.52	216.60	0.07
3.52	216.85	0.07
3.51	216.85	0.07
3.52	217.36	0.07
3.63	217.61	0.07
3.57	217.10	0.07
3.51	217.10	0.07
3.53	217.10	0.07
3.51	217.61	0.07
3.43	217.61	0.07
3.56	216.85	0.07
3.19	216.85	0.07
3.40	217.36	0.07
3.55	216.85	0.07
3.49	217.36	0.07
3.49	217.61	0.07
3.53	217.36	0.07
3.25	217.61	0.07
3.54	217.36	0.07
3.64	217.10	0.07
3.39	216.60	0.07
3.59	217.86	0.07
3.48	217.10	0.07
3.60	217.36	0.07
3.56	216.85	0.07
3.42	217.61	0.07
3.28	217.10	0.07
3.58	217.10	0.07
3.53	217.36	0.07
3.23	217.10	0.07
3.47	217.61	0.07
3.51	217.10	0.07
3.55	217.10	0.07
3.60	216.85	0.07
3.59	217.36	0.07
3.47	217.36	0.07
3.47	217.36	0.07
3.49	217.36	0.07
3.63	217.10	0.07
3.44	216.85	0.07
3.65	217.10	0.07
3.54	217.61	0.07
3.60	217.36	0.07
3.41	217.10	0.07
3.49	216.85	0.07
3.40	217.61	0.07
3.54	216.60	0.07
3.36	217.36	0.07
3.41	217.36	0.07
3.48	217.10	0.07
3.60	216.85	0.07
3.41	216.85	0.07
3.44	216.85	0.07
3.63	217.10	0.07
3.25	216.35	0.07
3.43	217.36	0.07
3.53	216.85	0.07
3.40	217.61	0.07
3.30	217.10	0.07
3.62	217.61	0.07
3.42	217.36	0.07
3.43	217.10	0.07
3.38	217.10	0.07
3.64	217.10	0.07
3.52	216.85	0.07
3.39	216.60	0.07
3.36	217.36	0.07
3.17	216.35	0.07
3.54	217.61	0.07
3.60	217.36	0.07
3.36	217.61	0.07
3.56	217.61	0.07
3.57	217.10	0.07
3.63	216.60	0.07
3.50	217.61	0.07
3.59	217.61	0.07
3.61	216.60	0.07
3.57	217.10	0.07
3.61	217.36	0.07
3.37	217.61	0.07
3.41	217.36	0.07
3.33	217.36	0.07
3.36	217.10	0.07
3.47	217.10	0.07
3.68	217.36	0.07
3.55	217.10	0.07
3.16	217.61	0.07
3.36	216.85	0.07
3.52	217.36	0.07
3.40	217.10	0.07
3.62	217.10	0.07
3.34	217.10	0.07
3.46	217.10	0.07
4.41	217.36	0.07
4.52	216.85	0.07
4.09	216.85	0.07
4.56	217.36	0.07
4.58	217.10	0.07
4.34	217.10	0.07
4.40	217.10	0.07
4.36	217.36	0.07
4.31	217.36	0.07
4.40	216.85	0.07
4.21	217.10	0.07
4.53	217.10	0.07
4.30	217.61	0.07
4.54	217.61	0.07
4.58	217.61	0.07
4.61	217.61	0.07
4.54	217.10	0.07
4.56	217.61	0.07
4.45	217.10	0.07
4.35	217.10	0.07
4.41	217.61	0.07
4.32	217.36	0.07
4.56	217.61	0.07
4.41	216.85	0.07
4.25	217.10	0.07
4.36	217.61	0.07
4.52	217.36	0.07
4.59	216.85	0.07
4.50	217.10	0.07
4.30	217.10	0.07
4.33	217.61	0.07
4.38	216.85	0.07
4.35	217.10	0.07
4.55	216.85	0.07
4.36	217.86	0.07
4.63	216.85	0.07
4.13	217.10	0.07
4.57	216.85	0.07
4.59	216.85	0.07
4.47	217.10	0.07
4.57	217.61	0.07
4.35	217.10	0.07
4.63	216.85	0.07
4.51	216.85	0.07
4.48	216.85	0.07
4.08	217.36	0.07
4.54	217.61	0.07
4.17	217.61	0.07
4.38	217.61	0.07
4.18	217.36	0.07
4.46	217.61	0.07
4.27	217.10	0.07
4.49	217.36	0.07
4.38	217.36	0.07
4.56	216.60	0.07
4.55	217.86	0.07
4.40	217.36	0.07
4.53	217.36	0.07
4.52	217.36	0.07
4.63	217.36	0.07
4.30	216.85	0.07
4.38	217.10	0.07
4.41	217.10	0.07
4.55	217.61	0.07
4.50	217.61	0.07
4.22	216.85	0.07
4.58	216.85	0.07
4.42	216.60	0.07
4.66	217.10	0.07
4.38	216.85	0.07
4.33	217.10	0.07
4.55	216.85	0.07
4.60	217.10	0.07
4.53	217.61	0.07
4.43	217.61	0.07
4.31	216.85	0.07
4.46	217.10	0.07
4.41	217.36	0.07
4.52	216.60	0.07
4.61	217.10	0.07
4.25	217.61	0.07
4.18	217.36	0.07
4.60	217.61	0.07
4.56	216.85	0.07
4.32	216.85	0.07
4.32	217.10	0.07
4.47	217.10	0.07
4.65	217.10	0.07
4.47	217.10	0.07
4.42	216.60	0.07
4.44	217.10	0.07
4.55	216.60	0.07
4.45	217.36	0.07
4.48	216.85	0.07
4.35	217.10	0.07
4.15	217.10	0.07
4.55	217.10	0.07
4.36	216.60	0.07
4.57	217.10	0.07
4.48	217.61	0.07
4.52	217.10	0.07
4.13	217.10	0.07
4.35	217.10	0.07
4.56	217.10	0.07
4.52	217.10	0.07
4.51	216.85	0.07
4.32	217.10	0.07
4.36	217.10	0.07
4.35	217.36	0.07
4.52	217.10	0.07
4.43	217.10	0.07
4.59	217.10	0.07
4.65	216.60	0.07
4.22	216.85	0.07
4.53	216.85	0.07
4.20	217.10	0.07
4.54	217.10	0.07
4.55	217.10	0.07
4.47	217.10	0.07
4.48	217.61	0.07
4.33	217.10	0.07
4.44	217.10	0.07
4.70	217.10	0.07
4.65	217.10	0.07
4.53	217.36	0.07
4.34	217.61	0.07
4.32	217.10	0.07
4.58	217.10	0.07
4.48	217.10	0.07
4.28	217.10	0.07
4.43	217.61	0.07
4.29	217.10	0.07
4.41	217.10	0.07
4.57	216.60	0.07
4.16	217.36	0.07
4.25	217.10	0.07
4.47	217.10	0.07
4.58	216.60	0.07
4.31	217.61	0.07
4.25	217.10	0.07
4.62	217.10	0.07
4.28	217.10	0.07
4.29	217.10	0.07
4.48	217.10	0.07
4.53	217.10	0.07
4.38	217.61	0.07
4.08	217.10	0.07
4.33	216.85	0.07
4.49	216.85	0.07
4.49	217.36	0.07
6.75	217.36	0.07
6.71	217.61	0.07
6.80	217.61	0.07
6.56	217.10	0.07
6.51	217.10	0.07
6.81	217.61	0.07
6.71	217.61	0.07
6.48	217.10	0.07
6.43	217.10	0.07
6.74	217.36	0.07
6.44	217.36	0.07
6.86	217.10	0.07
6.52	217.10	0.07
6.28	217.10	0.07
6.76	217.36	0.07
6.81	217.36	0.07
6.72	217.61	0.07
6.72	217.61	0.07
6.69	216.35	0.07
6.91	216.35	0.07
6.74	216.85	0.07
6.76	216.85	0.07
6.59	217.61	0.07
6.59	216.60	0.07
6.42	216.60	0.07
6.61	217.61	0.07
6.53	217.61	0.07
6.72	216.85	0.07
6.57	216.85	0.07
6.83	217.61	0.07
6.51	217.61	0.07
6.78	216.60	0.07
6.73	216.60	0.07
6.86	216.85	0.07
6.71	216.85	0.07
6.74	217.10	0.07
6.63	217.10	0.07
6.80	217.36	0.07
6.73	217.36	0.07
6.62	217.61	0.07
6.66	217.10	0.07
6.65	217.10	0.07
6.40	217.36	0.07
6.40	217.36	0.07
6.40	216.60	0.07
6.46	216.60	0.07
6.56	216.60	0.07
6.67	216.60	0.07
6.75	217.10	0.07
6.76	217.10	0.07
6.75	217.10	0.07
6.67	217.10	0.07
6.76	217.61	0.07
6.71	217.61	0.07
6.34	217.10	0.07
6.89	217.10	0.07
6.67	216.85	0.07
6.47	216.85	0.07
6.86	217.10	0.07
6.69	217.10	0.07
6.58	217.10	0.07
6.67	217.36	0.07
6.49	217.36	0.07
6.73	217.61	0.07
6.73	217.61	0.07
6.64	216.85	0.07
6.66	216.85	0.07
6.67	217.61	0.07
6.79	217.61	0.07
6.53	216.35	0.07
6.64	216.35	0.07
6.61	217.10	0.07
6.56	217.10	0.07
6.78	217.10	0.07
6.61	217.10	0.07
6.69	216.85	0.07
6.81	216.85	0.07
6.71	217.10	0.07
6.81	217.10	0.07
6.79	217.10	0.07
6.42	216.85	0.07
6.77	216.85	0.07
6.48	217.36	0.07
6.48	217.36	0.07
6.71	217.61	0.07
6.74	217.61	0.07
6.87	217.10	0.07
6.69	217.10	0.07
6.51	217.36	0.07
6.32	217.36	0.07
6.75	217.10	0.07
6.68	217.10	0.07
6.38	217.10	0.07
6.60	217.10	0.07
6.50	216.60	0.07
6.37	216.60	0.07
6.86	217.10	0.07
6.61	217.61	0.07
6.51	217.61	0.07
6.58	217.61	0.07
6.58	217.61	0.07
6.23	217.10	0.07
6.77	217.10	0.07
6.70	217.10	0.07
6.69	217.10	0.07
6.49	217.10	0.07
6.85	217.10	0.07
6.54	217.61	0.07
6.70	217.61	0.07
6.83	217.10	0.07
6.69	217.10	0.07
6.77	216.85	0.07
6.69	216.85	0.07
6.74	217.10	0.07
6.69	217.10	0.07
6.66	217.10	0.07
6.75	217.10	0.07
6.55	217.10	0.07
6.52	217.10	0.07
6.46	216.35	0.07
6.46	216.35	0.07
6.73	217.10	0.07
6.74	217.10	0.07
6.59	217.10	0.07
6.74	217.10	0.07
6.63	217.10	0.07
6.82	217.10	0.07
6.66	217.10	0.07
6.77	217.10	0.07
6.46	217.10	0.07
6.50	217.10	0.07
6.67	217.10	0.07
6.42	216.35	0.07
6.65	216.35	0.07
6.65	216.60	0.07
6.66	216.60	0.07
6.66	216.85	0.07
6.74	217.10	0.07
6.58	217.10	0.07
6.68	217.10	0.07
6.68	217.10	0.07
6.31	216.85	0.07
6.46	216.85	0.07
6.64	216.85	0.07
6.83	216.85	0.07
6.81	217.10	0.07
6.72	217.10	0.07
6.69	216.85	0.07
6.76	216.85	0.07
6.55	216.85	0.07
6.60	216.85	0.07
6.59	217.10	0.07
6.70	217.10	0.07
6.78	217.10	0.07
6.72	217.10	0.07
6.77	217.61	0.07
6.44	217.10	0.07
6.58	217.10	0.07
6.45	216.85	0.07
6.49	216.85	0.07
6.49	217.10	0.07
6.77	217.10	0.07
6.74	217.10	0.07
6.58	217.10	0.07
6.77	217.10	0.07
6.54	217.10	0.07
6.84	217.10	0.07
6.83	217.10	0.07
6.77	216.60	0.07
6.67	216.60	0.07
6.80	216.60	0.07
6.48	217.10	0.07
6.34	217.10	0.07
6.49	217.61	0.07
6.74	217.61	0.07
6.66	217.61	0.07
6.79	217.61	0.07
6.88	217.10	0.07
6.85	217.10	0.07
6.68	216.85	0.07
6.45	216.85	0.07
6.67	216.85	0.07
6.67	216.85	0.07
6.78	216.85	0.07
6.65	216.85	0.07
6.62	216.85	0.07
6.64	216.85	0.07
6.44	217.10	0.07
6.50	217.10	0.07
6.52	217.10	0.07
6.82	216.85	0.07
6.73	216.85	0.07
6.84	216.60	0.07
6.58	216.60	0.07
6.66	217.10	0.07
6.60	217.10	0.07
6.48	217.10	0.07
6.77	217.10	0.07
6.64	217.36	0.07
6.42	217.36	0.07
6.42	216.35	0.07
6.65	216.35	0.07
6.52	217.10	0.07
6.76	217.10	0.07
6.64	217.36	0.07
6.78	217.36	0.07
6.68	217.10	0.07
6.58	217.10	0.07
6.37	217.10	0.07
6.67	216.85	0.07
6.58	216.85	0.07
6.74	217.36	0.07
6.28	217.36	0.07
6.60	217.10	0.07
6.74	217.10	0.07
6.56	217.10	0.07
6.56	217.10	0.07
6.66	216.85	0.07
6.62	216.85	0.07
6.61	217.36	0.07
6.68	217.36	0.07
6.48	216.85	0.07
6.46	216.85	0.07
6.58	217.10	0.07
6.65	217.10	0.07
6.64	217.61	0.07
6.76	217.61	0.07
6.82	217.36	0.07
6.76	216.85	0.07
6.78	216.85	0.07
6.62	216.85	0.07
6.70	216.85	0.07
6.71	217.61	0.07
6.77	217.61	0.07
6.45	217.10	0.07
6.45	217.10	0.07
6.53	217.10	0.07
6.86	217.10	0.07
6.43	217.61	0.07
6.83	217.61	0.07
6.82	217.36	0.07
6.69	217.36	0.07
6.76	217.10	0.07
6.12	217.10	0.07
6.35	216.35	0.07
6.71	216.35	0.07
6.46	217.10	0.07
6.36	217.61	0.07
6.63	217.61	0.07
6.51	216.85	0.07
6.77	216.85	0.07
6.77	217.10	0.07
6.61	217.10	0.07
6.61	217.10	0.07
6.57	217.10	0.07
6.80	217.36	0.07
6.54	217.36	0.07
6.28	217.36	0.07
6.35	217.36	0.07
6.58	216.85	0.07
6.58	216.85	0.07
6.37	217.10	0.07
6.69	216.85	0.07
6.68	216.85	0.07
6.63	216.85	0.07
6.77	216.85	0.07
6.69	217.36	0.07
6.69	217.36	0.07
6.59	217.61	0.07
6.81	217.61	0.07
6.31	217.36	0.07
6.69	217.36	0.07
6.24	217.10	0.07
6.75	217.10	0.07
6.61	217.36	0.07
6.65	217.36	0.07
6.78	217.36	0.07
6.79	217.36	0.07
6.74	217.36	0.07
6.51	217.36	0.07
6.67	217.61	0.07
6.38	217.61	0.07
6.48	216.35	0.07
6.72	216.35	0.07
6.72	217.10	0.07
6.71	217.10	0.07
6.60	217.86	0.07
6.67	217.10	0.07
6.55	217.10	0.07
6.65	216.85	0.07
6.76	216.85	0.07
6.68	217.10	0.07
6.32	217.10	0.07
6.81	217.61	0.07
6.74	217.61	0.07
6.76	216.85	0.07
6.58	216.85	0.07
6.81	217.61	0.07
6.61	217.61	0.07
8.43	216.85	0.07
8.47	216.85	0.08
8.18	217.10	0.08
8.11	217.10	0.08
7.88	217.10	0.08
8.56	216.85	0.08
8.18	216.85	0.08
8.21	217.10	0.08
8.49	217.10	0.08
8.23	217.10	0.08
8.06	217.10	0.08
8.29	217.61	0.08
8.32	217.61	0.08
8.59	217.61	0.08
8.52	216.85	0.08
8.34	216.85	0.08
8.44	217.10	0.08
8.41	217.10	0.08
8.51	217.10	0.08
8.13	217.10	0.08
8.06	217.61	0.08
8.08	217.61	0.08
8.51	217.61	0.08
8.24	217.61	0.08
8.51	217.10	0.08
8.55	217.10	0.08
8.53	217.10	0.08
8.33	217.10	0.08
8.04	217.10	0.08
7.98	216.85	0.08
8.56	216.85	0.08
8.04	216.35	0.08
8.31	216.35	0.08
8.11	217.10	0.08
8.56	217.10	0.08
8.56	217.10	0.08
8.43	217.10	0.08
8.59	216.85	0.08
8.43	217.61	0.08
8.58	217.61	0.08
8.55	217.10	0.08
8.20	217.10	0.08
8.12	216.85	0.08
8.38	216.85	0.08
8.64	217.61	0.08
8.44	217.61	0.08
8.53	217.10	0.08
8.42	217.10	0.08
8.46	217.10	0.08
8.33	217.61	0.08
8.37	217.61	0.08
8.51	216.85	0.08
8.36	216.85	0.08
8.18	216.85	0.08
8.48	216.85	0.08
8.59	217.10	0.08
8.38	217.10	0.08
8.31	216.85	0.08
8.08	216.85	0.08
8.55	217.10	0.08
8.53	216.85	0.08
8.47	216.85	0.08
8.37	217.10	0.08
8.35	217.10	0.08
8.55	216.85	0.08
8.26	216.85	0.08
8.61	216.60	0.08
8.59	216.60	0.08
8.22	217.10	0.08
8.30	217.10	0.08
8.52	217.61	0.08
8.27	217.61	0.08
8.44	217.10	0.08
8.52	217.10	0.08
8.10	217.10	0.08
8.55	217.10	0.08
8.57	216.85	0.08
8.26	216.85	0.08
8.00	217.10	0.08
7.93	217.61	0.08
8.05	217.61	0.08
8.06	216.85	0.08
8.54	216.85	0.08
8.11	217.61	0.08
8.50	217.61	0.08
8.52	217.61	0.08
8.48	217.61	0.08
8.55	216.60	0.08
8.54	216.60	0.08
8.06	217.10	0.08
8.59	217.10	0.08
8.08	217.10	0.08
8.51	217.10	0.08
8.17	217.10	0.08
8.38	217.10	0.08
8.40	217.10	0.08
8.49	216.35	0.08
8.63	216.35	0.08
8.54	217.10	0.08
8.29	217.10	0.08
8.49	217.10	0.08
8.49	217.36	0.08
8.00	217.36	0.08
8.54	217.10	0.08
8.47	217.10	0.08
8.27	217.61	0.08
8.57	217.61	0.08
8.61	217.36	0.08
8.47	217.36	0.08
8.34	217.10	0.08
8.48	217.36	0.08
8.04	217.36	0.08
8.56	216.35	0.08
8.44	216.35	0.08
8.51	217.36	0.08
8.47	217.36	0.08
8.20	217.86	0.08
8.50	217.86	0.08
8.42	217.61	0.08
8.50	217.61	0.08
8.58	216.85	0.08
8.49	217.36	0.08
8.32	217.36	0.08
8.57	216.85	0.08
8.49	216.85	0.08
8.29	217.10	0.08
8.01	217.10	0.08
8.26	216.85	0.08
8.22	216.85	0.08
8.11	216.85	0.08
8.33	216.85	0.08
8.66	217.61	0.08
8.41	216.85	0.08
8.42	216.85	0.08
8.46	217.61	0.08
8.38	217.61	0.08
8.34	217.10	0.08
8.50	217.10	0.08
8.19	217.61	0.08
8.27	217.61	0.08
8.55	217.10	0.08
8.36	217.10	0.08
8.31	217.10	0.08
8.49	217.36	0.08
8.44	217.36	0.08
8.30	217.61	0.08
8.44	217.61	0.08
8.48	217.36	0.08
8.47	217.36	0.08
8.55	217.36	0.08
8.35	217.36	0.08
8.51	216.85	0.08
8.39	217.61	0.08
8.16	217.61	0.08
8.67	217.36	0.08
8.41	217.36	0.08
8.56	217.61	0.08
8.58	217.61	0.08
8.53	217.10	0.08
8.52	217.10	0.08
8.51	216.60	0.08
8.05	216.60	0.08
8.34	217.10	0.08
8.56	217.10	0.08
8.46	217.10	0.08
8.30	217.36	0.08
8.48	217.36	0.08
8.61	217.10	0.08
8.10	217.10	0.08
8.10	217.10	0.08
8.41	217.10	0.08
8.45	216.85	0.08
8.21	216.85	0.08
8.18	217.10	0.08
8.47	217.10	0.08
8.56	217.36	0.08
8.24	217.61	0.08
8.21	217.61	0.08
8.56	216.85	0.08
8.28	216.85	0.08
8.20	217.61	0.08
8.37	217.61	0.08
8.05	217.10	0.08
8.54	217.10	0.08
8.22	216.85	0.08
8.18	216.85	0.08
8.38	217.10	0.08
8.21	217.10	0.08
8.56	217.10	0.08
8.32	216.85	0.08
8.43	216.85	0.08
8.05	217.10	0.08
8.42	217.10	0.08
8.32	217.36	0.08
8.53	217.36	0.08
8.47	217.10	0.08
8.54	217.10	0.08
8.57	216.85	0.08
8.25	217.36	0.08
8.09	217.36	0.08
8.47	217.61	0.08
8.50	217.61	0.08
8.25	217.61	0.08
8.29	217.61	0.08
8.53	217.61	0.08
8.49	217.61	0.08
8.61	217.36	0.08
8.62	217.61	0.08
8.42	217.61	0.08
8.46	217.10	0.08
8.05	217.10	0.08
8.48	217.10	0.08
8.59	217.10	0.08
8.49	217.36	0.08
8.36	217.36	0.08
8.36	217.10	0.08
8.61	217.10	0.08
8.49	217.10	0.08
8.50	217.10	0.08
8.24	217.10	0.08
8.47	217.10	0.08
8.44	217.10	0.08
8.60	217.10	0.08
8.58	217.10	0.08
8.48	217.36	0.08
8.35	217.36	0.08
8.47	216.85	0.08
8.14	216.85	0.08
8.57	217.10	0.08
8.46	217.10	0.08
8.34	217.10	0.08
8.41	217.10	0.08
8.47	217.10	0.08
8.40	216.85	0.08
8.22	216.85	0.08
8.66	216.85	0.08
8.26	216.85	0.08
8.61	216.60	0.08
8.61	216.60	0.08
8.48	216.85	0.08
8.12	216.60	0.08
8.25	216.60	0.08
8.45	217.36	0.08
8.52	217.36	0.08
8.48	217.61	0.08
8.45	217.61	0.08
8.59	217.10	0.08
8.36	217.10	0.08
8.33	217.61	0.08
8.21	217.61	0.08
8.52	217.36	0.08
8.54	217.10	0.08
10.16	216.85	0.08
10.18	216.85	0.08
10.40	217.61	0.08
10.13	217.61	0.08
9.92	217.10	0.08
9.96	217.10	0.08
10.30	217.61	0.08
10.25	217.61	0.08
10.23	216.85	0.08
10.07	216.85	0.08
10.38	217.10	0.08
10.34	216.85	0.08
10.41	216.85	0.08
10.14	217.10	0.08
10.32	217.10	0.08
10.16	216.85	0.08
10.45	216.85	0.08
10.29	217.61	0.08
10.46	217.61	0.08
10.44	217.10	0.08
10.42	217.10	0.08
10.37	217.10	0.08
10.19	217.10	0.08
10.38	217.10	0.08
9.83	216.60	0.08
10.20	216.60	0.08
10.04	217.61	0.08
9.74	217.61	0.08
10.24	217.10	0.08
10.15	217.10	0.08
10.29	217.61	0.08
10.33	217.10	0.08
10.33	217.10	0.08
10.15	217.10	0.08
10.03	217.10	0.08
9.85	216.85	0.08
10.13	216.85	0.08
10.39	217.10	0.08
10.10	217.10	0.08
10.33	217.10	0.08
9.92	217.10	0.08
9.94	217.10	0.08
10.33	217.10	0.08
10.15	217.10	0.08
10.01	216.85	0.08
10.40	216.85	0.08
10.41	217.61	0.08
10.25	217.61	0.08
10.11	216.60	0.08
10.42	216.60	0.08
10.39	216.85	0.08
10.31	217.10	0.08
10.33	217.10	0.08
10.23	217.10	0.08
9.95	217.10	0.08
10.32	217.61	0.08
10.42	217.61	0.08
10.30	217.10	0.08
10.43	217.10	0.08
10.18	216.60	0.08
10.31	217.10	0.08
10.44	217.10	0.08
10.04	217.10	0.08
10.32	217.10	0.08
10.08	216.85	0.08
10.13	216.85	0.08
9.93	217.36	0.08
10.26	217.36	0.08
10.38	217.10	0.08
10.39	217.10	0.08
10.10	217.10	0.08
10.33	217.36	0.08
10.19	217.36	0.08
9.97	217.36	0.08
10.33	217.36	0.08
10.31	217.10	0.08
10.30	217.10	0.08
10.19	217.10	0.08
10.27	217.10	0.08
9.95	217.10	0.08
9.96	217.10	0.08
10.23	217.10	0.08
10.43	216.85	0.08
10.37	216.85	0.08
10.41	217.10	0.08
10.37	217.10	0.08
9.75	216.85	0.08
10.34	216.85	0.08
10.49	217.61	0.08
10.19	217.61	0.08
10.32	216.85	0.08
10.43	217.10	0.08
10.32	217.10	0.08
10.12	216.85	0.08
10.16	216.85	0.08
10.20	217.36	0.08
10.18	217.36	0.08
10.15	217.10	0.08
10.25	217.10	0.08
10.34	216.60	0.08
10.06	216.85	0.08
9.90	216.85	0.08
10.38	217.10	0.08
10.28	217.10	0.08
10.24	216.35	0.08
10.37	216.35	0.08
10.34	217.10	0.08
10.39	217.10	0.08
10.23	217.61	0.08
10.36	217.10	0.08
10.42	217.10	0.08
10.21	216.60	0.08
10.36	216.60	0.08
10.27	217.10	0.08
10.31	217.10	0.08
10.17	217.61	0.08
9.99	217.61	0.08
10.25	216.60	0.08
10.46	216.60	0.08
9.98	216.60	0.08
10.23	217.10	0.08
10.25	217.10	0.08
10.14	217.10	0.08
9.92	217.10	0.08
10.06	217.10	0.08
10.27	217.10	0.08
10.10	217.61	0.08
10.23	217.61	0.08
10.33	217.10	0.08
10.18	217.10	0.08
10.21	216.60	0.08
10.07	216.60	0.08
10.41	217.10	0.08
10.48	217.61	0.08
10.33	217.61	0.08
10.29	217.61	0.08
9.93	217.61	0.08
10.32	216.85	0.08
10.41	216.85	0.08
10.25	217.10	0.08
9.97	217.10	0.08
11.18	216.60	0.08
11.08	216.85	0.08
10.85	216.85	0.08
11.26	217.10	0.08
10.94	217.10	0.08
11.25	216.85	0.08
10.91	216.85	0.09
11.30	217.10	0.09
11.31	217.10	0.09
11.28	216.60	0.09
10.74	217.10	0.08
11.02	217.10	0.08
11.18	217.10	0.08
11.33	217.10	0.09
11.27	216.60	0.09
11.15	216.60	0.08
11.29	217.61	0.08
11.21	217.61	0.09
11.11	217.61	0.09
11.13	217.10	0.08
11.10	217.10	0.08
11.28	217.10	0.08
11.13	217.10	0.08
11.40	217.36	0.08
11.16	217.10	0.08
10.79	217.10	0.08
11.17	217.10	0.08
11.23	217.10	0.08
11.05	217.10	0.08
11.29	217.10	0.08
11.01	216.35	0.08
11.10	216.35	0.08
11.23	217.10	0.08
11.28	217.61	0.08
10.97	217.61	0.08
11.40	216.60	0.08
11.36	216.60	0.08
11.08	217.61	0.08
11.11	217.61	0.09
10.81	217.10	0.09
11.40	217.10	0.08
11.26	217.10	0.08
11.33	217.10	0.08
11.33	216.60	0.08
10.96	217.61	0.08
10.89	217.61	0.08
11.12	217.10	0.08
11.44	217.10	0.08
11.23	216.60	0.08
11.17	216.60	0.08
11.42	217.10	0.08
11.35	217.10	0.08
10.92	217.10	0.08
11.36	217.36	0.08
11.29	217.36	0.08
11.02	217.10	0.08
11.19	217.10	0.08
10.81	217.10	0.08
11.23	217.10	0.08
10.95	216.60	0.08
11.27	217.10	0.08
10.96	217.10	0.08
11.30	217.36	0.08
11.20	217.36	0.08
11.46	217.61	0.08
11.38	217.61	0.08
11.20	216.60	0.08
11.38	216.60	0.08
11.30	216.60	0.08
11.23	216.60	0.08
11.22	216.60	0.08
11.37	216.60	0.08
11.28	216.60	0.08
11.00	217.10	0.08
11.00	217.10	0.08
11.29	217.10	0.08
11.31	217.10	0.08
11.26	216.85	0.08
11.27	217.36	0.08
11.33	217.36	0.08
11.19	217.10	0.08
10.90	217.10	0.09
11.44	217.10	0.09
11.29	217.10	0.08
11.09	216.60	0.08
11.20	216.60	0.08
10.88	217.36	0.08
11.05	217.10	0.09
11.18	217.10	0.09
11.12	217.10	0.08
11.18	217.10	0.08
11.19	217.10	0.08
11.25	217.10	0.09
11.31	217.10	0.09
11.31	217.10	0.08
10.96	217.61	0.08
11.32	216.85	0.08
11.30	216.85	0.08
11.32	217.10	0.08
11.15	217.10	0.08
11.05	216.60	0.08
11.16	216.60	0.08
11.35	217.61	0.08
10.98	217.36	0.08
11.26	217.36	0.08
11.34	216.60	0.08
11.20	216.60	0.08
11.23	217.61	0.08
11.02	217.61	0.09
11.30	217.86	0.09
11.19	217.86	0.08
11.16	216.60	0.08
10.98	217.36	0.08
10.88	217.36	0.08
11.24	217.10	0.08
11.00	217.10	0.08
11.06	216.60	0.08
11.31	216.60	0.08
10.95	217.36	0.08
11.13	216.85	0.08
10.79	216.85	0.08
10.90	217.10	0.08
11.08	217.10	0.08
11.39	216.85	0.08
11.27	216.85	0.08
11.15	216.85	0.08
10.86	216.85	0.08
11.39	216.60	0.08
11.36	216.85	0.08
11.11	216.85	0.08
11.10	216.60	0.08
10.93	216.60	0.08
11.12	217.10	0.08
11.35	217.10	0.08
11.26	216.85	0.08
11.19	217.61	0.08
11.25	217.61	0.09
11.15	217.10	0.09
11.37	217.10	0.08
11.29	217.61	0.08
11.07	216.60	0.08
11.42	216.60	0.08
11.43	217.36	0.08
11.25	217.36	0.08
11.17	217.36	0.08
11.34	217.36	0.08
11.15	217.10	0.08
11.01	217.10	0.08
10.88	217.10	0.08
11.26	217.36	0.08
13.06	217.36	0.08
13.05	217.10	0.09
12.62	217.10	0.09
12.85	216.85	0.09
12.68	216.85	0.09
13.05	217.10	0.09
13.02	217.10	0.09
13.04	217.10	0.09
12.95	217.10	0.09
13.14	217.10	0.09
12.99	216.85	0.09
12.74	216.85	0.09
12.76	217.10	0.09
13.03	216.85	0.09
13.04	216.85	0.09
13.08	216.85	0.09
13.13	216.85	0.09
12.95	216.85	0.09
13.15	216.85	0.09
12.87	217.10	0.09
13.11	217.10	0.09
12.95	217.61	0.09
13.01	216.60	0.09
13.06	216.60	0.09
12.99	216.85	0.09
12.91	216.85	0.09
12.65	217.10	0.09
13.02	217.10	0.09
12.90	217.61	0.09
12.84	217.10	0.09
13.13	217.10	0.09
13.09	217.36	0.09
12.75	217.36	0.09
12.72	217.10	0.09
12.94	217.10	0.09
13.07	217.61	0.09
12.86	217.10	0.09
12.80	217.10	0.09
13.00	217.61	0.09
12.98	217.61	0.09
12.83	216.60	0.09
13.11	216.60	0.09
12.63	217.10	0.09
12.80	217.10	0.09
13.08	217.61	0.09
13.04	216.85	0.09
13.03	216.85	0.09
12.98	216.60	0.09
13.08	216.60	0.09
12.92	217.61	0.09
12.97	217.61	0.09
12.68	216.60	0.09
12.71	217.61	0.09
13.13	217.61	0.09
12.61	217.10	0.09
12.88	217.10	0.09
12.81	217.10	0.09
12.72	217.10	0.09
13.03	217.10	0.09
13.25	217.36	0.09
12.83	217.36	0.09
13.03	217.10	0.09
13.04	217.10	0.09
12.99	216.85	0.09
12.72	216.85	0.09
12.85	216.85	0.09
12.66	217.61	0.09
12.53	217.61	0.09
12.62	217.10	0.09
12.63	217.10	0.09
13.01	217.10	0.09
12.74	217.36	0.09
12.77	217.36	0.09
12.85	217.36	0.09
12.59	217.36	0.09
12.83	216.35	0.09
13.01	216.35	0.09
12.69	217.61	0.09
12.96	216.85	0.09
12.68	216.85	0.09
12.79	216.85	0.09
12.88	216.85	0.09
12.97	217.10	0.09
12.96	217.10	0.09
12.65	216.85	0.09
12.82	217.10	0.09
12.98	217.10	0.09
12.76	217.10	0.09
12.98	217.10	0.09
12.84	217.10	0.09
13.06	217.10	0.09
12.81	217.61	0.09
12.82	217.61	0.09
12.76	216.60	0.09
12.85	217.10	0.09
13.07	217.10	0.09
13.08	217.61	0.09
12.83	217.61	0.09
12.83	216.85	0.09
12.73	217.10	0.09
12.88	217.10	0.09
12.62	217.10	0.09
12.88	217.10	0.09
13.05	217.10	0.09
13.11	217.10	0.09
13.06	217.10	0.09
12.81	217.10	0.09
13.12	217.36	0.09
13.19	216.60	0.09
12.90	216.60	0.09
13.06	216.85	0.09
12.68	216.85	0.09
12.75	217.61	0.09
12.88	217.61	0.09
13.09	217.36	0.09
12.65	217.61	0.09
13.01	217.61	0.09
12.82	217.10	0.09
13.09	217.10	0.09
13.03	217.61	0.09
13.18	217.61	0.09
13.06	217.36	0.09
12.94	217.61	0.09
12.69	217.61	0.09
12.79	217.36	0.09
12.74	217.36	0.09
12.95	217.10	0.09
12.73	217.10	0.09
12.91	217.10	0.09
12.60	217.36	0.09
13.07	217.36	0.09
12.97	217.10	0.09
12.96	217.10	0.09
12.69	217.36	0.09
13.11	217.36	0.09
13.05	216.85	0.09
13.05	216.60	0.09
12.96	216.60	0.09
12.88	217.61	0.09
12.88	217.61	0.09
13.10	217.10	0.09
12.75	217.10	0.09
13.11	217.61	0.09
13.20	217.10	0.09
12.78	217.10	0.09
12.59	217.10	0.09
13.12	217.10	0.09
12.96	217.61	0.09
12.88	217.61	0.09
13.05	216.85	0.09
13.99	217.61	0.09
13.69	217.61	0.09
13.95	217.36	0.09
13.89	217.36	0.09
13.85	217.10	0.09
13.63	217.10	0.09
13.99	217.36	0.09
13.84	217.61	0.09
13.95	217.61	0.09
13.91	217.10	0.09
13.76	217.10	0.09
13.98	216.60	0.09
14.13	216.85	0.09
13.69	216.85	0.09
13.58	217.61	0.09
13.71	217.61	0.09
14.07	216.85	0.09
13.77	217.61	0.09
13.98	217.61	0.09
13.69	217.61	0.09
13.61	217.61	0.09
14.04	217.10	0.09
14.04	217.10	0.09
13.92	216.85	0.09
14.06	217.10	0.09
13.51	217.10	0.09
13.93	217.10	0.09
13.71	217.10	0.09
14.09	216.85	0.09
14.03	216.85	0.09
14.05	217.61	0.09
13.77	216.60	0.09
13.73	216.60	0.09
13.50	217.61	0.09
13.62	217.61	0.09
13.58	216.85	0.09
13.94	217.61	0.09
14.05	217.61	0.09
14.07	216.85	0.09
13.83	216.85	0.09
14.02	216.85	0.09
13.98	216.85	0.09
13.86	217.61	0.09
13.82	217.10	0.09
13.56	217.10	0.09
13.72	216.35	0.09
13.83	216.35	0.09
13.83	217.61	0.09
14.03	217.61	0.09
13.70	216.85	0.09
13.52	217.10	0.09
13.77	217.10	0.09
13.69	216.85	0.09
13.89	216.85	0.09
13.67	217.10	0.09
14.12	217.10	0.09
13.97	217.10	0.09
13.97	216.85	0.09
13.57	216.85	0.09
13.98	217.10	0.09
13.78	217.10	0.09
13.70	216.85	0.09
13.70	217.36	0.09
13.58	217.36	0.09
13.67	217.10	0.09
13.70	217.10	0.09
14.14	217.61	0.09
13.59	217.61	0.09
13.66	217.61	0.09
14.04	217.10	0.09
14.10	217.10	0.09
13.92	217.36	0.09
14.08	217.36	0.09
13.91	216.85	0.09
14.09	217.10	0.09
13.98	217.10	0.09
14.02	217.36	0.09
13.95	217.36	0.09
13.95	216.85	0.09
13.92	216.85	0.09
13.97	217.10	0.09
13.66	217.61	0.09
13.91	217.61	0.09
13.93	217.10	0.09
13.65	217.10	0.09
13.93	217.61	0.09
13.48	217.61	0.09
13.74	217.10	0.09
13.62	217.36	0.09
13.94	217.36	0.09
14.06	216.85	0.09
14.02	216.85	0.09
14.02	216.85	0.09
14.01	216.85	0.09
13.68	217.61	0.09
13.98	217.10	0.09
13.54	217.10	0.09
14.17	217.86	0.09
13.48	217.86	0.09
14.00	217.10	0.09
14.06	217.10	0.09
13.85	216.60	0.09
13.93	217.36	0.09
14.02	217.36	0.09
13.99	217.10	0.09
13.95	217.10	0.09
13.96	216.85	0.09
13.89	217.10	0.09
13.64	217.10	0.09
13.99	217.61	0.09
14.02	217.61	0.09
13.94	217.10	0.09
13.96	217.10	0.09
13.87	217.61	0.09
14.05	217.10	0.09
14.03	217.10	0.09
13.96	217.36	0.09
13.76	217.36	0.09
14.15	217.61	0.09
14.04	217.10	0.09
13.61	217.10	0.09
13.96	217.10	0.09
13.99	217.10	0.09
13.53	217.10	0.09
13.93	217.10	0.09
13.66	216.35	0.09
13.48	216.85	0.09
13.81	216.85	0.09
13.70	217.10	0.09
13.95	217.10	0.09
13.52	217.10	0.09
13.73	217.10	0.09
13.75	216.85	0.09
13.59	217.10	0.09
13.98	217.10	0.09
14.14	217.10	0.09
13.80	217.10	0.09
13.72	217.10	0.09
13.70	217.10	0.09
13.58	217.10	0.09
14.10	217.61	0.09
13.86	217.61	0.09
13.82	217.36	0.09
13.61	217.36	0.09
14.04	217.10	0.09
13.97	217.10	0.09
13.48	216.60	0.09
14.02	217.10	0.09
14.08	217.10	0.09
13.62	216.35	0.09
15.27	216.35	0.09
14.94	217.36	0.09
15.41	217.10	0.09
15.29	217.10	0.09
15.25	217.36	0.09
15.06	217.36	0.09
15.35	217.10	0.09
15.43	217.10	0.09
15.27	217.10	0.09
15.28	217.10	0.10
15.08	217.10	0.09
14.89	217.61	0.09
15.04	217.61	0.09
14.90	216.60	0.09
15.23	216.60	0.09
15.23	217.61	0.09
15.19	217.10	0.09
14.99	217.10	0.09
15.33	217.10	0.09
14.84	217.10	0.10
15.34	216.35	0.10
15.30	217.36	0.09
15.25	217.36	0.10
14.92	217.36	0.10
15.14	217.36	0.10
15.02	217.61	0.10
14.96	217.61	0.09
15.13	217.61	0.09
14.93	217.61	0.09
15.15	217.61	0.09
15.26	216.60	0.09
15.20	216.60	0.09
14.94	217.36	0.09
15.34	217.36	0.10
15.04	217.36	0.10
15.19	217.61	0.09
15.25	217.61	0.09
15.09	217.61	0.09
15.02	217.61	0.09
15.24	217.61	0.09
14.98	217.36	0.09
15.17	217.36	0.09
15.07	216.85	0.09
14.81	216.85	0.09
15.31	217.61	0.09
14.99	216.85	0.09
15.30	216.85	0.09
14.95	217.10	0.09
15.15	217.10	0.09
15.32	217.10	0.09
15.27	217.10	0.09
14.96	216.85	0.09
15.25	217.10	0.09
14.98	217.10	0.09
15.05	216.60	0.09
15.17	216.60	0.09
15.28	216.85	0.09
15.33	216.85	0.10
14.92	217.10	0.10
15.21	216.35	0.09
14.99	216.35	0.09
15.14	217.10	0.09
15.27	217.10	0.10
15.05	217.36	0.10
15.33	216.85	0.09
15.24	216.85	0.09
14.99	217.10	0.09
15.16	217.10	0.09
14.86	217.61	0.09
15.28	216.60	0.09
15.16	216.60	0.09
15.29	216.35	0.09
15.29	216.35	0.10
15.20	217.61	0.10
15.21	217.61	0.09
15.15	217.61	0.09
15.31	217.10	0.09
14.72	217.10	0.09
14.95	217.10	0.09
15.28	217.10	0.09
14.81	217.36	0.09
14.99	217.10	0.09
15.43	217.10	0.09
15.18	217.10	0.09
15.34	217.10	0.09
15.19	217.10	0.09
15.21	217.10	0.10
15.19	216.60	0.10
15.28	216.85	0.09
15.26	216.85	0.09
14.99	216.85	0.10
14.94	216.85	0.09
14.96	217.10	0.09
15.17	216.85	0.10
15.24	216.85	0.10
15.29	217.61	0.09
15.13	217.61	0.09
15.42	217.10	0.09
15.24	217.10	0.09
15.19	217.36	0.09
15.15	216.85	0.09
15.23	216.85	0.10
14.86	216.35	0.10
15.48	216.35	0.10
15.04	217.61	0.10
15.28	217.61	0.09
15.28	217.61	0.09
15.26	217.10	0.09
14.98	217.10	0.09
15.18	217.10	0.09
15.13	217.10	0.10
15.17	217.36	0.10
14.96	216.85	0.09
15.23	216.85	0.09
14.99	216.85	0.09
14.91	216.85	0.09
15.40	217.10	0.09
15.06	217.10	0.09
15.29	216.85	0.09
15.28	217.36	0.10
15.09	217.36	0.09
15.04	216.85	0.09
15.29	216.85	0.09
15.26	217.36	0.09
15.03	217.10	0.10
14.96	217.10	0.10
15.31	217.36	0.10
14.98	217.36	0.10
15.31	217.10	0.10
15.03	217.10	0.09
15.31	217.10	0.09
14.88	217.10	0.09
15.09	217.10	0.09
15.03	217.36	0.09
14.93	217.36	0.09
15.39	217.36	0.09
15.27	216.60	0.09
14.87	216.60	0.09
15.29	217.10	0.09
15.23	217.10	0.09
15.44	217.61	0.09
14.90	217.61	0.09
15.10	217.61	0.09
14.88	217.10	0.10
15.08	217.10	0.09
15.28	217.36	0.09
15.07	217.36	0.09
15.31	217.86	0.09
15.10	217.10	0.09
15.20	217.10	0.09
16.09	217.10	0.09
15.76	217.10	0.10
16.09	216.60	0.10
16.25	216.60	0.10
16.08	216.60	0.10
16.17	216.60	0.10
15.67	216.60	0.10
16.33	217.10	0.10
16.24	216.85	0.10
15.95	216.85	0.10
16.19	217.10	0.10
15.93	217.10	0.10
15.96	217.10	0.10
15.92	216.85	0.10
15.97	216.85	0.10
16.15	217.36	0.10
16.06	217.36	0.10
15.86	217.36	0.10
16.11	217.36	0.10
15.81	216.35	0.10
15.93	217.10	0.10
16.34	217.10	0.10
15.73	217.36	0.10
16.22	217.36	0.10
16.21	217.36	0.10
15.92	216.35	0.10
16.24	216.35	0.10
15.83	217.61	0.10
16.04	217.61	0.10
15.89	216.85	0.10
15.82	216.85	0.10
16.07	216.85	0.10
15.77	216.85	0.10
16.21	216.85	0.10
16.18	217.10	0.10
15.80	217.10	0.10
15.90	217.10	0.10
16.23	216.85	0.10
16.04	216.85	0.10
16.24	217.10	0.10
15.93	217.10	0.10
16.20	217.10	0.10
15.88	216.35	0.10
16.21	216.35	0.10
16.00	216.85	0.10
16.36	217.10	0.10
16.01	217.10	0.10
15.96	216.85	0.10
15.97	216.85	0.10
16.14	217.10	0.10
16.22	217.36	0.10
16.21	217.36	0.10
15.86	217.61	0.10
16.34	217.61	0.10
16.16	216.60	0.10
16.29	216.85	0.10
16.20	216.85	0.10
16.13	217.10	0.10
16.15	217.10	0.10
16.02	216.60	0.10
16.08	216.60	0.10
16.18	216.60	0.10
16.03	216.85	0.10
16.15	216.85	0.10
16.14	216.85	0.10
16.05	217.10	0.10
16.07	217.10	0.10
16.20	217.10	0.10
16.32	217.10	0.10
15.85	217.61	0.10
15.85	217.61	0.10
15.88	217.61	0.10
15.97	217.10	0.10
15.98	217.10	0.10
16.01	217.10	0.10
16.10	217.10	0.10
16.13	217.10	0.10
16.28	217.10	0.10
16.21	217.10	0.10
15.84	216.85	0.10
16.08	216.85	0.10
16.03	216.35	0.10
16.20	216.60	0.10
16.18	216.60	0.10
16.17	217.61	0.10
16.29	217.61	0.10
16.06	217.61	0.10
16.33	217.10	0.10
16.37	217.10	0.10
16.11	216.60	0.10
15.95	216.60	0.10
16.17	217.10	0.10
16.01	217.10	0.10
16.18	217.10	0.10
15.86	217.61	0.10
15.89	217.61	0.10
15.82	217.10	0.10
16.24	217.10	0.10
15.94	217.10	0.10
16.18	217.61	0.10
15.88	217.61	0.10
16.09	217.10	0.10
15.94	216.35	0.10
15.88	216.35	0.10
16.29	216.60	0.10
15.85	216.60	0.10
16.18	216.85	0.10
16.17	216.85	0.10
16.20	217.36	0.10
16.18	216.35	0.10
16.04	216.35	0.10
16.17	217.61	0.10
15.95	217.61	0.10
15.83	217.36	0.10
15.85	217.10	0.10
16.13	217.10	0.10
16.15	217.36	0.10
16.30	217.36	0.10
16.21	216.85	0.10
16.15	216.85	0.10
16.21	216.85	0.10
16.20	216.85	0.10
16.15	216.85	0.10
15.84	217.61	0.10
16.28	217.36	0.10
16.20	217.36	0.10
15.98	217.10	0.10
16.25	217.10	0.10
16.01	216.35	0.10
16.25	216.35	0.10
16.30	216.35	0.10
16.24	217.61	0.10
15.88	217.61	0.10
15.75	216.85	0.10
16.00	216.85	0.10
15.89	217.61	0.10
15.96	217.10	0.10
15.86	217.10	0.10
16.21	217.61	0.10
16.26	217.61	0.10
16.10	217.61	0.10
16.29	217.61	0.10
15.77	217.61	0.10
15.84	216.35	0.10
16.34	216.35	0.10
15.82	216.85	0.10
15.97	217.61	0.10
16.40	217.61	0.10
16.11	217.10	0.10
15.91	217.10	0.10
17.69	216.35	0.10
17.80	217.10	0.11
17.55	217.10	0.10
17.98	217.10	0.10
17.90	217.61	0.10
17.84	217.61	0.10
17.75	217.61	0.10
17.67	217.61	0.10
17.98	217.10	0.10
17.73	217.10	0.10
17.68	216.85	0.10
17.81	217.10	0.10
18.00	217.10	0.10
17.60	216.85	0.10
17.72	217.36	0.10
17.98	217.36	0.10
18.08	216.85	0.10
17.67	216.85	0.10
17.89	217.36	0.10
17.80	217.36	0.10
17.84	217.36	0.10
17.87	216.85	0.10
18.05	216.85	0.10
17.66	216.35	0.10
17.74	216.35	0.10
17.94	217.36	0.10
18.05	217.61	0.10
18.00	217.61	0.10
17.62	216.85	0.10
17.65	216.85	0.10
17.71	217.36	0.10
18.04	217.61	0.10
17.57	217.61	0.10
17.88	217.86	0.10
17.97	217.86	0.10
17.93	217.61	0.10
18.02	217.36	0.10
18.02	217.36	0.10
17.89	217.10	0.10
18.08	217.10	0.10
17.95	216.85	0.10
17.93	217.61	0.10
17.97	217.61	0.10
17.97	217.36	0.10
17.80	217.36	0.10
17.97	216.85	0.10
17.90	217.36	0.10
17.87	217.36	0.10
17.53	217.36	0.10
17.99	217.36	0.10
17.99	216.85	0.10
17.75	216.85	0.10
17.63	216.85	0.11
17.80	216.85	0.11
17.73	216.85	0.10
17.68	217.10	0.10
17.87	217.10	0.10
17.86	217.10	0.10
17.80	217.10	0.10
17.68	217.10	0.10
17.68	217.36	0.10
18.09	217.10	0.10
17.95	217.10	0.10
17.99	217.61	0.10
17.98	217.61	0.10
17.67	216.85	0.10
17.92	217.10	0.10
17.62	217.10	0.11
17.83	217.61	0.11
18.00	217.61	0.10
17.75	217.36	0.10
18.04	217.36	0.10
17.55	217.36	0.10
17.92	217.36	0.10
17.92	217.36	0.11
17.67	217.36	0.11
17.75	217.10	0.10
18.02	217.10	0.10
17.74	217.61	0.10
17.85	217.61	0.11
17.82	217.36	0.11
17.92	216.85	0.10
17.95	216.85	0.10
17.61	217.10	0.10
18.01	217.10	0.11
17.84	217.10	0.11
17.89	217.36	0.10
17.93	217.36	0.10
17.92	217.61	0.10
17.97	217.61	0.11
17.99	216.85	0.11
17.87	217.36	0.10
17.94	217.36	0.11
17.74	217.10	0.11
17.78	216.85	0.10
17.61	216.85	0.10
17.91	217.10	0.10
18.05	217.10	0.10
17.64	217.10	0.10
17.89	217.10	0.10
17.64	217.36	0.10
17.97	217.36	0.10
18.10	217.36	0.10
17.93	217.61	0.10
17.98	217.61	0.10
17.90	216.60	0.10
17.57	217.36	0.10
17.79	217.36	0.10
18.00	217.10	0.10
18.12	217.10	0.10
17.66	217.10	0.10
17.65	217.61	0.10
17.58	217.61	0.11
17.84	217.10	0.11
17.85	217.10	0.10
17.81	217.61	0.10
17.90	216.60	0.10
17.87	216.60	0.10
17.94	217.36	0.10
17.93	216.85	0.10
17.55	216.85	0.10
17.99	217.10	0.10
18.05	217.10	0.10
17.76	217.36	0.10
18.01	217.36	0.10
17.85	217.36	0.10
18.11	216.85	0.10
17.56	216.85	0.10
18.06	216.85	0.10
17.78	216.85	0.10
18.00	216.85	0.10
17.69	217.36	0.10
18.12	217.36	0.10
17.60	217.10	0.10
17.56	217.10	0.10
17.69	217.10	0.10
17.75	217.36	0.10
18.06	217.36	0.10
17.66	217.36	0.10
18.00	217.36	0.10
18.04	217.10	0.10
17.74	216.85	0.10
17.86	216.85	0.11
17.59	217.61	0.11
18.02	217.61	0.10
17.53	217.10	0.10
17.73	217.36	0.10
17.49	217.36	0.10
17.99	216.85	0.10
17.84	216.85	0.10
18.36	217.10	0.10
19.77	217.10	0.11
19.57	217.10	0.11
19.66	217.10	0.11
19.56	217.10	0.11
19.85	217.61	0.11
19.86	216.85	0.11
19.73	216.85	0.11
19.73	217.36	0.11
19.43	217.36	0.11
19.73	217.36	0.11
19.37	217.36	0.11
19.61	217.36	0.11
19.33	217.61	0.11
19.60	217.10	0.11
19.77	217.10	0.11
19.42	217.36	0.11
19.62	217.61	0.11
19.70	217.61	0.11
19.72	217.10	0.11
19.67	217.10	0.11
19.65	217.36	0.11
19.62	217.36	0.11
19.75	217.36	0.11
19.75	217.10	0.11
19.50	217.10	0.11
19.64	217.36	0.11
19.65	217.10	0.11
19.81	217.10	0.11
19.81	217.36	0.11
19.84	217.36	0.11
19.89	217.10	0.11
19.56	217.36	0.11
19.69	217.36	0.11
19.64	216.35	0.11
19.37	216.35	0.11
19.38	217.36	0.11
19.65	217.10	0.11
19.46	217.10	0.11
19.80	217.10	0.11
19.70	217.10	0.11
19.75	217.10	0.11
19.67	216.85	0.11
19.72	216.85	0.11
19.36	217.10	0.11
19.36	216.85	0.11
19.86	216.85	0.11
19.59	217.36	0.11
19.50	217.36	0.11
19.78	217.10	0.11
19.68	216.85	0.11
19.66	216.85	0.11
19.41	217.36	0.11
19.55	217.36	0.11
19.51	217.10	0.11
19.73	217.10	0.11
19.80	217.10	0.11
19.61	217.10	0.11
19.61	217.10	0.11
19.33	216.85	0.11
19.77	216.85	0.11
19.57	216.85	0.11
19.75	217.61	0.11
19.78	217.61	0.11
19.41	216.85	0.11
19.69	217.36	0.11
19.69	217.36	0.11
19.47	217.10	0.11
19.75	217.10	0.11
19.51	217.10	0.11
19.68	216.85	0.11
19.80	216.85	0.11
19.58	217.36	0.11
19.59	216.85	0.11
19.59	216.85	0.11
19.48	217.61	0.11
19.69	217.61	0.11
19.67	217.10	0.11
19.77	216.60	0.11
19.69	216.60	0.11
19.44	217.10	0.11
19.69	217.10	0.11
19.88	217.10	0.11
19.88	217.36	0.11
19.69	217.36	0.11
19.43	217.10	0.11
19.79	217.61	0.11
19.32	217.61	0.11
19.61	216.85	0.11
19.53	216.85	0.11
19.52	216.35	0.11
19.80	217.61	0.11
19.61	217.61	0.11
19.61	217.10	0.11
19.45	217.10	0.11
19.58	217.10	0.11
19.51	217.10	0.11
19.81	217.10	0.11
19.32	217.10	0.11
19.33	217.36	0.11
19.82	217.36	0.11
19.78	217.36	0.11
19.49	217.36	0.11
19.49	216.85	0.11
19.65	217.10	0.11
19.80	217.10	0.11
19.61	217.36	0.11
19.50	217.36	0.11
19.30	217.36	0.11
19.35	217.36	0.11
19.66	217.36	0.11
19.57	217.36	0.11
19.68	217.10	0.11
19.40	217.10	0.11
19.31	216.85	0.11
19.79	216.85	0.11
19.67	216.60	0.11
19.85	216.85	0.11
19.70	216.85	0.11
19.70	217.36	0.11
19.26	217.36	0.11
19.70	216.85	0.11
19.55	217.10	0.11
19.60	217.10	0.11
19.39	217.10	0.11
19.66	217.10	0.11
19.35	217.10	0.11
19.72	217.36	0.11
19.63	217.36	0.11
19.63	216.85	0.11
19.73	217.10	0.11
19.69	217.10	0.11
19.71	216.35	0.11
19.59	216.35	0.11
19.53	217.36	0.11
19.59	217.61	0.11
19.67	217.61	0.11
19.80	216.85	0.11
19.68	216.85	0.11
19.34	217.10	0.11
19.39	217.10	0.11
19.42	217.10	0.11
19.38	217.10	0.11
19.57	216.85	0.11
19.65	216.85	0.11
19.80	217.61	0.11
19.67	217.61	0.11
19.46	217.36	0.11
19.56	217.61	0.11
19.56	217.61	0.11
19.70	216.35	0.11
20.62	216.85	0.12
20.50	216.85	0.12
20.66	217.36	0.11
20.72	217.36	0.11
20.73	216.60	0.11
20.79	217.61	0.12
20.45	217.61	0.11
20.82	217.10	0.11
20.74	217.10	0.11
20.71	217.10	0.11
20.59	217.10	0.11
20.60	217.10	0.11
20.70	216.35	0.11
20.74	216.35	0.11
20.75	216.35	0.11
20.43	216.85	0.11
20.62	216.85	0.11
20.62	217.10	0.11
20.46	217.10	0.11
20.77	217.10	0.12
20.54	217.61	0.12
20.66	217.10	0.12
20.77	217.10	0.12
20.61	217.10	0.12
20.72	217.10	0.11
20.72	217.61	0.11
20.69	217.10	0.11
20.63	217.10	0.12
20.82	217.10	0.12
20.63	216.85	0.11
20.49	216.85	0.11
20.61	217.10	0.11
20.54	217.10	0.11
20.73	217.61	0.11
20.63	217.10	0.11
20.70	217.10	0.11
20.52	217.10	0.11
20.47	217.10	0.11
20.68	217.10	0.11
20.52	217.10	0.11
20.63	217.10	0.11
20.58	217.36	0.11
20.63	216.60	0.11
20.69	216.60	0.11
20.76	217.10	0.11
20.65	217.10	0.11
20.56	217.10	0.11
20.60	216.85	0.11
20.77	216.85	0.11
20.64	216.85	0.11
20.59	216.60	0.12
20.62	216.60	0.12
20.69	217.61	0.12
20.57	217.61	0.11
20.81	216.60	0.11
20.75	217.10	0.12
20.71	217.10	0.11
20.76	217.10	0.11
20.61	217.10	0.11
20.61	217.10	0.11
20.49	217.36	0.11
20.73	217.36	0.12
20.63	217.10	0.12
20.54	217.61	0.11
20.70	217.61	0.11
20.66	217.10	0.11
20.60	217.10	0.11
20.78	217.10	0.11
22.46	217.10	0.11
22.49	217.10	0.12
22.44	216.85	0.12
22.31	217.61	0.12
22.42	217.61	0.12
22.35	216.60	0.12
22.33	216.60	0.12
22.50	217.61	0.12
22.46	217.10	0.12
22.24	217.10	0.12
22.39	217.10	0.12
22.15	217.10	0.12
22.48	217.10	0.12
22.41	217.36	0.12
22.26	217.61	0.12
22.36	217.61	0.12
22.45	217.10	0.12
22.39	217.10	0.12
22.43	217.10	0.12
22.42	217.10	0.12
22.30	217.10	0.12
22.37	217.10	0.12
22.25	217.10	0.12
22.31	217.10	0.12
22.40	217.10	0.12
22.33	217.10	0.12
22.33	217.61	0.12
22.23	217.61	0.12
22.42	217.61	0.12
22.43	216.85	0.12
22.39	217.10	0.12
22.41	217.10	0.12
22.33	216.60	0.12
22.43	216.60	0.12
22.34	216.60	0.12
22.49	216.60	0.12
22.45	216.60	0.12
22.26	217.10	0.12
22.40	217.10	0.12
22.55	217.10	0.12
22.50	217.36	0.12
22.24	217.36	0.12
22.32	216.85	0.12
22.45	216.85	0.12
22.45	216.85	0.12
22.56	217.10	0.12
22.50	217.10	0.12
22.46	217.10	0.12
22.41	216.60	0.12
22.51	216.60	0.12
22.27	217.61	0.12
22.38	216.60	0.12
22.24	216.60	0.12
22.28	217.61	0.12
22.36	216.60	0.12
22.52	216.60	0.12
22.31	217.10	0.12
22.24	217.10	0.12
22.27	217.10	0.12
22.52	217.10	0.12
22.37	217.10	0.12
22.41	217.61	0.12
22.30	217.61	0.12
22.24	217.61	0.12
22.51	217.10	0.12
22.29	217.10	0.12
22.19	216.60	0.12
22.43	217.10	0.12
22.34	217.10	0.12
22.27	216.60	0.12
22.36	217.61	0.12
22.34	217.61	0.12
22.27	216.60	0.12
22.52	216.60	0.12
22.40	216.35	0.12
22.49	217.10	0.12
22.39	217.10	0.12
22.42	216.85	0.12
22.38	217.10	0.12
22.45	217.10	0.12
22.54	216.60	0.12
22.40	216.60	0.12
22.33	217.10	0.12
22.29	217.10	0.12
22.48	217.10	0.12
22.48	217.61	0.12
22.43	216.60	0.12
22.52	216.60	0.12
22.32	216.60	0.12
22.32	216.60	0.12
22.25	216.60	0.12
22.42	217.61	0.12
22.50	217.61	0.12
22.34	217.10	0.12
22.43	216.60	0.12
22.34	216.60	0.12
22.46	216.60	0.12
22.47	216.60	0.12
22.46	217.61	0.12
22.33	217.61	0.12
22.20	217.61	0.12
22.36	217.61	0.12
22.27	217.10	0.12
22.26	217.10	0.12
22.24	217.10	0.12
22.30	217.10	0.12
22.16	216.85	0.12
22.27	217.10	0.12
22.44	217.10	0.12
22.24	216.35	0.12
22.10	217.10	0.12
22.35	217.10	0.12
22.33	217.10	0.12
22.36	216.35	0.12
22.42	216.35	0.12
22.23	216.60	0.12
22.31	216.60	0.12
22.33	217.10	0.12
22.51	217.10	0.12
22.35	217.10	0.12
22.40	217.10	0.12
22.28	217.61	0.12
22.38	217.61	0.12
22.29	217.10	0.12
22.49	217.10	0.12
22.28	217.61	0.12
22.44	216.60	0.12
22.28	216.60	0.12
22.48	217.10	0.12
22.27	216.60	0.12
22.34	216.60	0.12
22.38	216.85	0.12
22.46	216.85	0.12
22.31	217.10	0.12
22.40	217.10	0.12
22.38	217.10	0.12
22.37	216.85	0.12
22.33	217.10	0.12
22.21	217.10	0.12
22.33	217.10	0.12
22.44	217.10	0.12
22.42	217.10	0.12
22.26	216.85	0.12
22.33	216.85	0.12
22.50	216.60	0.12
22.27	217.10	0.12
22.46	217.10	0.12
22.48	217.61	0.12
22.36	216.85	0.12
22.39	216.85	0.12
22.99	216.60	0.12
24.42	216.60	0.13
24.58	217.10	0.13
24.65	217.36	0.13
24.64	217.36	0.13
24.71	217.10	0.13
24.62	217.10	0.13
24.65	217.10	0.13
24.58	216.85	0.13
24.46	217.10	0.13
24.72	217.10	0.13
24.59	216.85	0.13
24.58	216.85	0.13
24.69	216.85	0.13
24.66	217.61	0.13
24.80	216.60	0.13
24.56	216.60	0.13
24.44	217.36	0.13
24.65	217.36	0.13
24.60	217.61	0.13
24.70	217.10	0.13
24.62	217.10	0.13
24.83	217.61	0.13
24.68	217.10	0.13
24.51	217.10	0.13
24.57	216.60	0.13
24.57	217.10	0.13
24.64	217.10	0.13
24.53	216.85	0.13
24.36	216.85	0.13
24.73	216.85	0.13
24.60	217.61	0.13
24.41	217.61	0.13
24.54	217.10	0.13
24.49	216.60	0.13
24.69	216.60	0.13
24.59	217.61	0.13
24.65	217.10	0.13
24.49	217.10	0.13
24.61	217.61	0.13
24.56	217.61	0.13
24.64	216.60	0.13
24.58	217.36	0.13
24.47	217.36	0.13
24.66	216.85	0.13
24.40	216.35	0.13
24.41	216.35	0.13
24.44	216.35	0.13
24.71	216.85	0.13
24.54	216.85	0.13
24.36	216.85	0.13
24.66	217.10	0.13
24.57	217.10	0.13
24.71	216.60	0.13
24.64	216.60	0.13
24.42	216.35	0.13
24.65	217.10	0.13
24.54	217.10	0.13
24.52	216.60	0.13
24.57	217.10	0.13
24.47	217.10	0.13
24.53	217.61	0.13
24.59	217.10	0.13
24.64	217.10	0.13
24.53	217.10	0.13
24.54	217.36	0.13
24.70	217.36	0.13
24.73	216.60	0.13
24.70	216.60	0.13
24.60	217.10	0.13
24.56	217.36	0.13
24.58	217.36	0.13
24.49	217.10	0.13
24.58	216.85	0.13
24.61	216.85	0.13
24.48	217.10	0.13
24.62	216.60	0.13
24.68	216.60	0.13
24.65	217.10	0.13
24.63	217.10	0.13
24.62	217.10	0.13
24.56	217.61	0.13
24.60	217.61	0.13
24.66	217.61	0.13
24.43	216.60	0.13
24.56	216.60	0.13
24.47	217.10	0.13
24.62	217.10	0.13
24.48	217.10	0.13
24.63	217.10	0.13
24.39	217.10	0.13
24.51	217.61	0.13
24.53	217.61	0.13
24.68	217.61	0.13
24.68	217.10	0.13
24.65	217.10	0.13
24.44	217.10	0.13
24.61	216.85	0.13
24.63	217.10	0.13
24.41	217.10	0.13
24.54	217.10	0.13
24.38	217.10	0.13
24.70	217.10	0.13
24.66	216.60	0.13
24.64	216.60	0.13
24.61	216.35	0.13
24.60	217.61	0.13
24.53	217.61	0.13
24.44	216.35	0.13
24.41	217.10	0.13
24.55	217.10	0.13
24.44	217.10	0.13
24.50	217.61	0.13
24.67	217.61	0.13
24.57	217.10	0.13
24.51	217.10	0.13
24.46	217.10	0.13
24.38	217.61	0.13
24.47	217.61	0.13
24.51	217.61	0.13
24.54	217.10	0.13
24.48	217.10	0.13
24.65	217.10	0.13
24.44	217.10	0.13
24.60	217.10	0.13
24.46	217.61	0.13
24.58	216.85	0.13
24.36	216.85	0.13
24.62	216.60	0.13
24.76	216.60	0.13
24.69	217.10	0.13
24.55	217.10	0.13
24.67	217.10	0.13
24.53	217.10	0.13
24.48	217.36	0.13
24.45	217.36	0.13
24.50	216.35	0.13
24.61	216.60	0.13
24.56	216.60	0.13
24.43	217.36	0.13
24.40	217.10	0.13
24.53	217.10	0.13
24.68	217.10	0.13
24.50	217.10	0.13
24.56	216.60	0.13
24.57	217.10	0.13
24.48	217.10	0.13
24.37	216.85	0.13
24.55	217.61	0.13
24.52	217.61	0.13
25.71	217.10	0.13
25.47	216.35	0.13
25.57	216.35	0.13
25.67	216.60	0.13
25.49	216.60	0.13
25.54	216.60	0.13
25.53	216.60	0.13
25.54	216.60	0.13
25.65	216.60	0.13
25.54	217.10	0.13
25.65	217.10	0.13
25.60	216.35	0.13
25.54	217.61	0.13
25.42	217.61	0.13
25.55	217.10	0.13
25.56	216.60	0.13
25.55	216.60	0.13
25.43	216.60	0.13
25.44	217.10	0.13
25.66	217.10	0.13
25.60	216.85	0.13
25.41	216.85	0.13
25.53	217.10	0.13
25.58	216.60	0.13
25.40	216.60	0.13
25.42	217.36	0.13
25.46	216.85	0.13
25.51	216.85	0.13
25.64	217.10	0.13
25.58	217.36	0.13
25.53	217.36	0.13
25.58	217.61	0.13
25.52	217.10	0.13
25.54	217.10	0.13
25.47	216.85	0.13
25.67	216.60	0.13
25.69	216.60	0.13
25.55	217.61	0.13
25.60	216.60	0.13
25.62	216.60	0.13
25.72	216.60	0.13
25.48	216.85	0.13
25.68	216.85	0.13
25.34	216.85	0.13
25.67	216.85	0.13
25.52	217.61	0.13
25.50	216.60	0.13
25.52	216.60	0.13
25.48	216.85	0.13
25.48	216.85	0.13
25.57	216.85	0.13
25.63	217.10	0.13
25.58	217.10	0.13
25.39	217.10	0.13
25.51	217.10	0.13
25.62	217.10	0.13
25.50	217.10	0.13
25.61	217.10	0.13
25.57	217.61	0.13
25.37	217.61	0.13
25.58	216.85	0.13
25.52	216.85	0.13
25.44	217.10	0.13
25.42	216.85	0.13
25.57	216.85	0.13
25.60	217.61	0.13
25.76	217.61	0.13
25.42	217.61	0.13
25.47	217.10	0.13
25.55	217.10	0.13
25.45	217.10	0.13
25.48	216.35	0.13
25.37	217.61	0.13
25.36	217.61	0.13
25.47	217.61	0.13
25.45	217.61	0.13
25.46	217.61	0.13
25.41	217.36	0.13
25.59	217.36	0.13
25.49	216.85	0.13
25.65	216.85	0.13
25.69	216.85	0.13
25.45	217.36	0.13
25.61	217.61	0.13
25.47	217.61	0.13
25.39	216.85	0.13
25.45	216.85	0.13
25.57	216.85	0.13
25.62	217.36	0.13
25.41	217.10	0.13
25.56	217.10	0.13
25.52	217.61	0.13
25.66	217.61	0.13
25.52	217.10	0.13
25.50	217.61	0.13
25.46	217.61	0.13
25.55	216.60	0.13
25.50	217.10	0.13
25.38	217.10	0.13
25.59	217.10	0.13
25.42	217.10	0.13
25.52	217.10	0.13
25.51	217.10	0.13
25.44	217.61	0.13
25.56	217.61	0.13
25.27	217.36	0.13
25.55	217.36	0.13
25.40	216.60	0.13
25.58	217.36	0.13
25.50	217.36	0.13
25.65	217.10	0.13
25.67	217.61	0.13
25.59	217.61	0.13
25.63	217.10	0.13
25.69	217.61	0.13
25.51	217.61	0.13
25.64	216.60	0.13
25.60	217.10	0.13
25.54	217.10	0.13
25.55	217.10	0.13
25.67	217.10	0.13
25.39	217.61	0.13
25.41	216.85	0.13
25.49	216.85	0.13
25.46	217.10	0.13
25.39	217.61	0.13
25.49	217.61	0.13
25.66	217.36	0.13
25.54	216.85	0.14
25.47	216.85	0.13
25.52	217.36	0.13
25.35	217.10	0.13
25.58	217.10	0.13
25.48	216.60	0.13
25.56	216.60	0.13
25.53	216.60	0.13
25.42	217.10	0.13
25.44	216.60	0.13
25.37	216.60	0.13
25.46	216.85	0.13
25.48	217.10	0.13
25.62	217.10	0.13
25.37	217.10	0.13
25.49	217.10	0.13
25.32	217.10	0.13
25.47	217.10	0.13
25.59	217.10	0.13
25.43	216.85	0.13
25.46	217.10	0.13
25.54	217.10	0.13
27.21	216.85	0.13
27.27	216.85	0.14
27.07	216.85	0.14
27.53	216.85	0.14
27.35	216.85	0.14
27.26	216.85	0.14
27.41	217.61	0.14
27.32	216.85	0.14
27.21	216.85	0.14
27.35	217.36	0.14
27.40	217.10	0.14
27.31	217.10	0.14
27.22	216.85	0.14
27.21	216.85	0.14
27.25	216.85	0.14
27.13	217.61	0.14
27.29	217.61	0.14
27.18	216.85	0.14
27.15	216.85	0.14
27.38	216.85	0.14
27.46	216.35	0.14
27.27	217.61	0.14
27.31	217.61	0.14
27.32	217.61	0.14
27.15	217.61	0.14
27.26	217.61	0.14
27.30	217.10	0.14
27.15	216.85	0.14
27.25	216.85	0.14
27.27	217.10	0.14
27.22	217.10	0.14
27.19	217.10	0.14
27.22	217.10	0.14
27.38	217.10	0.14
27.27	217.10	0.14
27.24	216.85	0.14
27.31	217.10	0.14
27.24	217.10	0.14
27.24	217.10	0.14
27.24	217.10	0.14
27.49	217.10	0.14
27.33	216.85	0.14
27.21	216.85	0.14
27.30	217.61	0.14
27.23	217.61	0.14
27.43	217.61	0.14
27.23	217.10	0.14
27.41	216.60	0.14
27.45	216.60	0.14
27.36	216.60	0.14
27.20	216.60	0.14
27.27	216.60	0.14
27.17	216.85	0.14
27.31	216.60	0.14
27.29	216.60	0.14
27.24	216.60	0.14
27.31	217.10	0.14
27.35	217.10	0.14
27.30	216.60	0.14
27.34	216.60	0.14
27.31	216.60	0.14
27.37	216.60	0.14
27.26	216.60	0.14
27.14	216.85	0.14
27.37	217.10	0.14
27.19	217.10	0.14
27.35	217.10	0.14
27.28	217.36	0.14
27.16	217.36	0.14
27.18	217.10	0.14
27.06	217.10	0.14
27.31	217.10	0.14
27.24	217.10	0.14
27.22	217.10	0.14
27.22	217.10	0.14
27.27	217.61	0.14
27.25	217.10	0.14
27.17	217.10	0.14
27.21	216.35	0.14
27.41	216.85	0.14
27.39	216.85	0.14
27.51	217.10	0.14
27.15	217.10	0.14
27.17	217.10	0.14
27.42	217.61	0.14
27.36	217.10	0.14
27.34	217.10	0.14
27.23	217.10	0.14
27.28	217.10	0.14
27.38	217.10	0.14
27.32	217.36	0.14
27.34	216.85	0.14
27.26	216.85	0.14
27.24	217.10	0.14
27.27	217.10	0.14
27.15	217.61	0.14
27.16	216.85	0.14
27.30	216.85	0.14
27.50	217.10	0.14
27.25	217.61	0.14
27.24	217.61	0.14
27.24	217.10	0.14
27.14	217.61	0.14
27.42	217.61	0.14
27.13	216.60	0.14
27.19	216.85	0.14
27.22	216.85	0.14
27.18	217.61	0.14
27.25	217.10	0.14
27.22	217.10	0.14
27.22	216.60	0.14
27.21	216.60	0.14
27.38	216.60	0.14
27.39	217.10	0.14
27.33	217.10	0.14
27.12	217.10	0.14
27.25	216.85	0.14
27.20	217.10	0.14
27.38	217.10	0.14
27.30	217.10	0.14
27.22	217.10	0.14
27.34	217.10	0.14
27.13	217.10	0.14
27.25	217.10	0.14
27.25	217.10	0.14
27.18	216.60	0.14
27.37	216.60	0.14
27.39	216.60	0.14
27.17	217.10	0.14
27.12	217.10	0.14
27.45	217.10	0.14
27.37	217.10	0.14
27.31	217.10	0.14
27.31	217.10	0.14
27.24	217.10	0.14
27.38	216.60	0.14
27.34	216.60	0.14
27.21	216.60	0.14
27.40	217.10	0.14
27.13	217.10	0.14
27.29	217.10	0.14
27.31	217.10	0.14
27.17	217.61	0.14
27.19	217.61	0.14
27.38	217.10	0.14
27.16	217.10	0.14
27.27	217.10	0.14
27.36	216.85	0.14
27.10	217.61	0.14
27.36	217.61	0.14
28.14	216.85	0.14
29.11	217.10	0.15
29.09	217.10	0.15
29.08	217.10	0.15
29.04	216.85	0.15
29.06	216.85	0.15
29.23	217.10	0.15
29.25	217.61	0.15
29.03	217.61	0.15
29.07	217.10	0.15
28.98	216.60	0.15
29.07	216.60	0.15
29.07	217.61	0.15
29.30	216.35	0.15
29.09	216.35	0.15
29.07	216.60	0.15
28.96	216.60	0.15
29.20	217.61	0.15
29.20	217.10	0.15
29.18	217.10	0.15
28.99	217.10	0.15
29.15	217.10	0.15
29.20	217.10	0.15
29.12	216.85	0.15
29.27	217.10	0.15
29.28	217.10	0.15
29.03	217.10	0.15
28.98	217.10	0.15
29.02	217.10	0.15
29.08	217.10	0.15
29.02	217.10	0.15
29.11	217.10	0.15
29.16	216.85	0.15
29.11	217.61	0.15
29.10	217.61	0.15
28.92	216.60	0.15
29.10	217.10	0.15
29.19	217.10	0.15
29.08	216.85	0.15
28.91	216.60	0.15
29.09	216.60	0.15
29.31	216.85	0.15
28.99	216.35	0.15
29.14	216.35	0.15
29.18	217.36	0.15
29.00	217.61	0.15
29.32	217.61	0.15
29.14	217.10	0.15
29.07	217.10	0.15
29.05	217.10	0.15
29.02	217.10	0.15
29.05	217.10	0.15
29.12	217.10	0.15
29.07	217.10	0.15
29.07	217.61	0.15
28.92	217.61	0.15
29.08	217.10	0.15
28.97	217.10	0.15
29.24	217.10	0.15
29.14	217.10	0.15
29.20	217.61	0.15
29.36	217.61	0.15
29.24	217.36	0.15
29.17	217.10	0.15
29.01	217.10	0.15
28.93	216.60	0.15
29.06	217.61	0.15
29.01	217.61	0.15
29.05	216.85	0.15
29.12	217.10	0.15
29.12	217.10	0.15
29.13	217.61	0.15
29.12	216.85	0.15
28.94	216.85	0.15
29.02	217.10	0.15
28.98	216.85	0.15
29.15	216.85	0.15
29.11	216.85	0.15
29.08	217.10	0.15
29.15	217.10	0.15
29.15	216.85	0.15
29.01	217.10	0.15
29.12	217.10	0.15
29.13	216.85	0.15
29.18	216.85	0.15
29.11	216.85	0.15
29.07	217.10	0.15
29.28	216.85	0.15
29.28	216.85	0.15
29.26	217.10	0.15
29.13	216.60	0.15
28.98	216.60	0.15
28.97	217.10	0.15
29.07	217.10	0.15
28.94	217.10	0.15
29.20	216.60	0.15
28.95	216.60	0.15
29.23	217.10	0.15
29.21	217.61	0.15
29.26	217.61	0.15
29.14	216.35	0.15
29.02	216.35	0.15
28.99	216.35	0.15
29.22	216.85	0.15
29.01	217.10	0.15
29.12	217.10	0.15
29.12	217.61	0.15
29.25	216.85	0.15
29.21	216.85	0.15
29.05	217.61	0.15
29.16	217.10	0.15
29.00	217.10	0.15
29.08	216.60	0.15
29.01	217.36	0.15
29.17	217.36	0.15
29.24	217.10	0.15
28.98	217.36	0.15
29.03	217.36	0.15
29.11	217.36	0.15
29.18	217.61	0.15
29.17	217.61	0.15
29.14	216.85	0.15
29.03	216.35	0.15
28.94	216.35	0.15
29.02	216.60	0.15
29.12	216.85	0.15
29.19	216.85	0.15
28.95	217.61	0.15
28.97	216.60	0.15
29.01	216.60	0.15
29.04	217.61	0.15
29.06	217.10	0.15
29.15	217.10	0.15
29.12	216.85	0.15
29.20	216.35	0.15
28.92	216.35	0.15
29.22	216.85	0.15
28.91	217.36	0.15
29.13	217.36	0.15
29.15	216.35	0.15
29.20	217.10	0.15
29.06	217.10	0.15
29.21	217.36	0.15
29.06	217.10	0.15
29.08	217.10	0.15
29.17	217.10	0.15
29.05	216.35	0.15
28.92	216.35	0.15
29.03	217.36	0.15
28.98	216.85	0.15
31.77	216.85	0.16
31.63	217.61	0.16
31.92	216.60	0.16
31.83	216.60	0.16
31.78	217.10	0.16
31.88	216.60	0.16
31.98	216.60	0.16
31.76	217.10	0.16
31.79	216.60	0.16
31.84	216.60	0.16
31.78	217.10	0.16
31.77	216.60	0.16
31.94	216.60	0.16
31.95	217.10	0.16
31.93	217.10	0.16
31.72	217.10	0.16
31.74	217.36	0.16
31.73	216.85	0.16
31.89	216.85	0.16
31.72	217.10	0.16
31.87	216.85	0.16
31.72	216.85	0.16
31.74	216.85	0.16
31.82	217.10	0.16
31.78	217.10	0.16
31.87	217.10	0.16
31.86	217.10	0.16
31.89	217.10	0.16
31.91	217.61	0.16
31.77	216.85	0.16
31.78	216.85	0.16
31.84	217.61	0.16
31.70	216.60	0.16
31.72	216.60	0.16
31.91	216.85	0.16
31.91	217.10	0.16
31.66	216.35	0.16
31.93	216.35	0.16
31.71	217.10	0.16
31.87	216.60	0.16
31.69	216.60	0.16
31.88	217.36	0.16
31.74	217.10	0.16
31.94	217.10	0.16
31.72	217.10	0.16
31.73	216.60	0.16
31.77	216.60	0.16
31.79	217.10	0.16
31.84	216.85	0.16
31.77	216.85	0.16
31.94	217.10	0.16
31.85	216.60	0.16
31.87	216.60	0.16
31.84	216.60	0.16
31.77	217.10	0.16
31.66	217.10	0.16
31.72	216.60	0.16
31.74	217.10	0.16
31.77	217.10	0.16
31.67	217.61	0.16
31.60	217.36	0.16
31.65	217.36	0.16
31.79	217.10	0.16
31.62	217.10	0.16
31.76	217.10	0.16
31.66	216.35	0.16
31.72	216.85	0.16
31.76	216.85	0.16
31.77	217.10	0.16
31.98	216.35	0.16
31.83	216.35	0.16
31.84	217.61	0.16
31.77	217.10	0.16
31.93	217.10	0.16
31.70	217.10	0.16
31.65	216.60	0.16
31.62	216.60	0.16
31.89	217.10	0.16
32.01	217.10	0.16
31.85	217.10	0.16
31.91	217.10	0.16
31.85	217.10	0.16
31.68	217.10	0.16
31.71	216.85	0.16
31.66	217.10	0.16
31.94	217.10	0.16
31.77	217.61	0.16
31.83	217.10	0.16
31.79	217.10	0.16
31.75	217.10	0.16
31.63	216.60	0.16
31.90	216.60	0.16
31.84	216.60	0.16
31.96	217.36	0.16
31.73	217.61	0.16
31.78	217.61	0.16
31.78	217.10	0.16
31.91	217.10	0.16
31.86	217.10	0.16
31.61	216.85	0.16
32.00	217.10	0.16
31.70	217.10	0.16
31.69	217.10	0.16
31.75	216.60	0.16
31.91	216.60	0.16
31.74	217.10	0.16
31.71	216.60	0.16
31.71	216.60	0.16
31.71	216.60	0.16
31.66	217.10	0.16
31.87	217.10	0.16
31.65	217.10	0.16
31.74	217.10	0.16
31.75	217.10	0.16
31.73	217.10	0.16
31.85	216.60	0.16
31.85	216.60	0.16
31.74	217.10	0.16
31.82	217.10	0.16
31.76	217.10	0.16
31.74	216.85	0.16
31.75	217.10	0.16
31.74	217.10	0.16
31.86	216.60	0.16
31.86	217.10	0.16
31.75	217.10	0.16
31.90	216.60	0.16
31.84	216.85	0.16
31.76	216.85	0.16
31.80	217.10	0.16
31.77	216.85	0.16
31.72	216.85	0.16
31.68	217.10	0.16
31.88	216.35	0.16
31.70	216.35	0.16
31.83	217.10	0.16
31.89	217.10	0.16
31.77	217.10	0.16
31.69	216.60	0.16
31.61	216.60	0.16
31.76	216.60	0.16
31.79	217.61	0.16
31.81	217.10	0.16
31.85	217.10	0.16
31.74	217.10	0.16
31.83	217.10	0.16
31.86	217.61	0.16
31.84	217.61	0.16
31.88	217.10	0.16
31.70	216.85	0.16
32.81	216.85	0.16
32.63	217.61	0.16
32.71	216.85	0.16
32.91	216.85	0.16
32.87	216.85	0.16
32.76	217.10	0.16
32.81	217.10	0.16
32.82	217.10	0.16
32.67	217.10	0.16
32.76	217.10	0.16
32.69	217.10	0.16
32.70	216.85	0.16
32.75	216.85	0.16
32.61	217.36	0.16
32.69	217.10	0.16
32.68	217.10	0.16
32.72	216.85	0.16
32.79	217.10	0.16
32.94	217.10	0.16
32.88	217.61	0.16
32.74	216.35	0.16
32.75	216.35	0.16
32.85	216.60	0.16
32.67	217.10	0.16
32.81	216.35	0.16
32.72	216.35	0.16
32.54	217.61	0.16
32.82	217.10	0.16
32.82	217.10	0.16
32.61	216.85	0.16
32.68	217.61	0.16
32.72	217.61	0.16
32.70	216.35	0.16
32.67	217.36	0.16
32.77	217.36	0.16
32.79	216.60	0.16
32.71	217.61	0.16
32.72	217.61	0.16
32.83	217.10	0.16
32.70	216.85	0.16
32.70	216.85	0.16
32.86	217.10	0.16
32.87	216.35	0.16
32.65	216.35	0.16
32.72	216.85	0.16
32.70	217.10	0.16
32.74	217.10	0.16
32.62	216.11	0.16
32.67	217.10	0.16
32.85	217.10	0.16
32.83	216.60	0.16
32.72	217.36	0.16
32.73	217.36	0.16
32.69	217.61	0.16
32.77	216.60	0.16
32.63	217.10	0.16
32.69	217.10	0.16
32.62	217.10	0.16
32.68	217.10	0.16
32.82	217.10	0.16
32.80	217.10	0.16
32.72	217.10	0.16
32.79	217.10	0.16
32.57	216.60	0.16
32.88	216.85	0.16
32.71	216.85	0.16
32.80	217.61	0.16
32.74	217.36	0.16
32.73	217.36	0.16
32.85	217.36	0.16
33.01	217.10	0.16
32.74	217.10	0.16
32.62	216.85	0.16
32.71	217.10	0.16
32.56	217.10	0.16
32.68	217.36	0.16
32.63	216.35	0.16
32.96	216.35	0.16
32.62	216.60	0.16
32.80	216.60	0.16
32.62	216.60	0.16
32.62	216.85	0.16
32.71	217.61	0.16
32.96	217.61	0.16
32.73	217.36	0.16
32.75	216.35	0.16
32.85	217.10	0.16
32.79	217.10	0.16
32.73	217.61	0.16
32.68	217.10	0.16
32.75	217.10	0.16
32.72	217.61	0.16
32.65	217.10	0.16
32.89	217.10	0.16
32.69	217.36	0.16
32.61	217.61	0.16
32.79	217.61	0.16
32.67	217.36	0.16
32.68	217.10	0.16
32.74	217.10	0.16
32.74	216.60	0.16
32.60	217.10	0.16
32.69	217.10	0.16
32.62	217.10	0.16
32.79	216.60	0.16
32.82	216.60	0.16
32.73	217.10	0.16
32.72	217.10	0.16
32.71	217.10	0.16
32.80	217.10	0.16
32.72	217.36	0.16
32.84	217.36	0.16
32.70	217.36	0.16
32.78	217.36	0.16
32.85	217.36	0.16
32.90	217.10	0.16
32.76	217.61	0.16
32.69	217.61	0.16
32.70	216.35	0.16
32.88	216.85	0.16
32.66	216.85	0.16
32.72	217.10	0.16
32.66	216.85	0.16
32.76	216.85	0.16
32.85	216.60	0.16
32.74	217.10	0.16
32.88	217.10	0.16
32.85	217.10	0.16
32.65	217.10	0.16
32.80	217.10	0.16
32.91	217.36	0.16
32.73	217.61	0.16
32.56	217.10	0.16
32.79	217.10	0.16
32.76	217.10	0.16
32.57	216.60	0.16
32.64	216.60	0.16
32.61	216.85	0.16
32.67	216.85	0.16
32.57	216.85	0.16
32.68	216.85	0.16
32.63	216.35	0.16
32.71	216.35	0.16
32.70	217.61	0.16
32.71	216.85	0.16
32.76	216.85	0.16
32.92	217.10	0.16
32.83	217.61	0.16
32.84	217.61	0.16
32.74	217.10	0.16
35.01	217.10	0.16
34.92	217.10	0.17
35.05	216.60	0.17
34.93	217.10	0.17
35.09	217.10	0.17
35.01	217.61	0.17
35.03	217.10	0.17
34.90	216.60	0.17
35.08	216.60	0.17
34.97	216.85	0.17
35.03	217.10	0.17
34.97	217.10	0.17
34.87	217.10	0.17
35.00	216.85	0.17
34.87	216.85	0.17
34.90	217.10	0.17
35.06	217.10	0.17
34.97	217.10	0.17
34.99	217.61	0.17
34.93	217.36	0.17
35.06	217.36	0.17
34.94	217.10	0.17
34.91	217.36	0.17
34.87	216.60	0.17
34.95	216.60	0.17
34.87	216.35	0.17
34.93	217.10	0.17
34.88	217.10	0.17
34.90	217.61	0.17
35.04	217.61	0.17
34.98	217.61	0.17
35.02	216.60	0.17
35.07	217.10	0.17
34.82	217.10	0.17
35.03	216.85	0.17
34.91	217.10	0.17
34.90	217.10	0.17
35.00	217.10	0.17
34.99	216.85	0.17
34.97	217.36	0.17
34.90	217.36	0.17
34.94	216.60	0.17
35.07	217.61	0.17
34.92	217.61	0.17
34.93	216.60	0.17
35.02	217.10	0.17
34.91	217.10	0.17
34.89	216.35	0.17
35.00	216.85	0.17
34.95	216.85	0.17
34.95	217.10	0.17
35.00	216.85	0.17
34.78	216.85	0.17
34.99	217.10	0.17
35.14	217.10	0.17
34.92	217.10	0.17
34.97	217.10	0.17
34.81	216.85	0.17
35.00	216.85	0.17
34.86	216.85	0.17
34.80	216.85	0.17
35.00	216.85	0.17
34.89	217.10	0.17
35.12	216.85	0.17
34.77	217.10	0.17
34.99	217.10	0.17
35.06	217.10	0.17
34.85	217.61	0.17
34.99	217.61	0.17
34.94	216.85	0.17
34.97	217.10	0.17
34.95	217.10	0.17
34.95	217.36	0.17
34.96	216.60	0.17
35.09	216.60	0.17
35.00	217.61	0.17
34.94	217.10	0.17
34.92	216.85	0.17
35.03	216.85	0.17
34.96	217.10	0.17
34.89	217.10	0.17
35.02	217.10	0.17
34.98	216.60	0.17
34.87	216.60	0.17
35.07	216.60	0.17
35.00	216.85	0.17
35.01	217.10	0.17
34.92	217.10	0.17
35.00	217.10	0.17
34.94	216.35	0.17
35.17	216.85	0.17
34.97	216.85	0.17
34.82	217.61	0.17
35.05	217.10	0.17
34.91	217.10	0.17
35.05	217.10	0.17
35.14	216.35	0.17
35.06	216.35	0.17
34.88	217.36	0.17
34.96	217.10	0.17
35.11	217.10	0.17
34.96	217.10	0.17
34.80	217.61	0.17
35.00	217.61	0.17
35.01	217.10	0.17
34.89	217.10	0.17
35.06	217.10	0.17
34.93	217.10	0.17
35.00	216.60	0.17
34.98	216.60	0.17
34.89	217.10	0.17
34.93	216.85	0.17
34.94	216.85	0.17
34.83	216.85	0.17
34.91	217.61	0.17
35.01	216.85	0.17
34.92	216.85	0.17
34.89	217.10	0.17
34.96	217.10	0.17
34.84	217.10	0.17
35.11	217.10	0.17
34.90	217.10	0.17
34.97	217.10	0.17
35.05	217.36	0.17
34.93	217.10	0.17
34.88	217.10	0.17
34.84	216.85	0.17
34.96	216.60	0.17
34.82	216.60	0.17
34.96	217.10	0.17
34.92	217.10	0.17
34.92	217.10	0.17
34.88	217.10	0.17
34.91	217.36	0.17
34.96	216.60	0.17
34.90	216.60	0.17
34.92	217.61	0.17
34.92	217.10	0.17
34.92	217.10	0.17
35.05	217.10	0.17
35.04	217.10	0.17
35.01	217.10	0.17
34.91	217.10	0.17
34.83	217.61	0.17
34.95	217.61	0.17
34.96	216.60	0.17
34.98	217.36	0.17
34.83	217.10	0.17
34.85	217.10	0.17
34.92	217.61	0.17
36.67	216.35	0.18
36.69	216.35	0.18
36.54	217.10	0.18
36.80	216.60	0.18
36.69	216.60	0.18
