
00001.5877	00195.5966	00000.0277	00001.8451	00220.5471	00000.0724
00003.6392	00220.0462	00000.0312	00003.7350	00220.4131	00000.0730
00004.6112	00220.0522	00000.0312	00004.6824	00220.9500	00000.0740
00006.9072	00220.0472	00000.0412	00006.7707	00221.0308	00000.0797
00008.6611	00220.0511	00000.0412	00008.5710	00220.4131	00000.0815
00010.6032	00220.0522	00000.0412	00010.6342	00220.4131	00000.0885
00011.5731	00220.0522	00000.0512	00011.5206	00220.5742	00000.0899
00013.3712	00220.0502	00000.0512	00013.2223	00220.4935	00000.0944
00014.3171	00220.0552	00000.0512	00014.4138	00220.4131	00000.0964
00015.6192	00220.0482	00000.0612	00015.7898	00220.2260	00000.1027
00016.6161	00220.0482	00000.0612	00016.5223	00221.0042	00000.1038
00018.4532	00220.0492	00000.0712	00018.1806	00220.6812	00000.1113
00020.2912	00220.0501	00000.0712	00020.3336	00220.9500	00000.1164
00021.2752	00220.0502	00000.0811	00021.2703	00220.4405	00000.1213
00023.0832	00220.0462	00000.0811	00023.1564	00219.8787	00000.1282
00025.3561	00220.0492	00000.0911	00025.1823	00220.6008	00000.1349
00026.3392	00220.0512	00000.1011	00026.1883	00221.1118	00000.1385
00028.1172	00220.0482	00000.1011	00027.9194	00220.1456	00000.1456
00030.0412	00220.0502	00000.1112	00029.7986	00220.6812	00000.1541
00032.8302	00220.0542	00000.1212	00032.6001	00221.1656	00000.1638
00033.7922	00220.0511	00000.1312	00033.5017	00220.4131	00000.1677
00036.0692	00220.0462	00000.1412	00035.7483	00219.8787	00000.1767
00037.8691	00220.0562	00000.1412	00037.5792	00220.4131	00000.1847
00038.8432	00220.0472	00000.1512	00034.9353	00221.2195	00000.1887
00051.4412	00220.0412	00000.2012	00051.0692	00220.6812	00000.2408
00061.1712	00220.0511	00000.2412	00060.7190	00220.4131	00000.2825
00070.9311	00220.0511	00000.2912	00070.3279	00220.1456	00000.3255
00080.5811	00220.0445	00000.3312	00080.0150	00221.2195	00000.3681
00102.3412	00220.0511	00000.4312	00101.5946	00220.1456	00000.4638
00131.5012	00220.0478	00000.5612	00130.3797	00220.4131	00000.5930
00140.2700243.7556	00110.0255	00001.0855	00483.0279	00220.3061	00002.1927
00971.5212	00220.0578	00004.3812	00960.4486	00218.5542	00004.3671
01452.1412	00220.0545	00006.5612	01431.3269	00219.0821	00006.5279
01933.2778	00220.0478	00008.7512	01900.2915	00218.2915	00008.7153
00000.8672	00220.0451	00000.0312	00000.0000	00000.0000	00000.0000

00001.8012	00220.0512	00000.0312	00001.8929	00220.9500	00000.0724
i00003.2255	00195.6044	00000.0277	00002.8442	00220.5475	00000.0734
00004.5872	00220.0502	00000.0312	00004.3855	00220.4131	00000.0738
00006.8832	00220.0452	00000.0412	00006.9632	00221.2195	00000.0806
00008.6962	00220.0482	00000.0412	00008.7234	00221.0582	00000.0818
00010.5792	00220.0512	00000.0412	00010.5731	00220.4131	00000.0870
00011.5372	00220.0512	00000.0512	00011.4431	00220.9500	00000.0900
00013.3472	00220.0492	00000.0512	00013.3648	00220.9500	00000.0956
00014.3231	00220.0542	00000.0512	00014.3234	00220.4131	00000.0970
00015.6192	00220.0521	00000.0612	00015.6629	00220.6812	00000.1025

00001.8012	00220.0462	00000.0312	00001.7954	00220.1456	00000.0740
00003.6212	00220.0482	00000.0312	00003.1918	00220.3799	00000.0739
i00004.0677	00195.5999	00000.0277	00004.3182	00220.4131	00000.0733
00006.8772	00220.0462	00000.0412	00006.8930	00220.1456	00000.0797
00008.6782	00220.0502	00000.0412	00008.6899	00220.6812	00000.0810
00010.5731	00220.0501	00000.0412	00010.2958	00220.6812	00000.0861
00011.5431	00220.0492	00000.0512	00011.6921	00221.2195	00000.0908
00013.3532	00220.0522	00000.0512	00013.4952	00220.6812	00000.0951
00014.3052	00220.0481	00000.0512	00014.4012	00220.7350	00000.0967
00015.6312	00220.0451	00000.0612	00015.4632	00220.9500	00000.1012
00016.5892	00220.0511	00000.0612	00016.3740	00220.4131	00000.1043
00018.4232	00220.0452	00000.0712	00018.3593	00220.7889	00000.1097
00020.3142	00220.0412	00000.0712	00020.2428	00221.2195	00000.1158
00021.2692	00220.0492	00000.0811	00021.2257	00220.6812	00000.1189
00023.0652	00220.0422	00000.0811	00023.0219	00219.8787	00000.1261
00025.3502	00220.0481	00000.0911	00025.2463	00220.6812	00000.1351
00026.3032	00220.0482	00000.1011	00026.1522	00220.6812	00000.1386
00028.1412	00220.0492	00000.1011	00028.0248	00220.6812	00000.1451
00030.0412	00220.0432	00000.1112	00000.0000	00000.0000	00000.0000
i00029.1566	00195.6010	00000.1077	00030.7780	00220.1723	00000.1529
00033.7622	00220.0512	00000.1312	00033.5396	00220.3598	00000.1695
00036.0452	00220.0492	00000.1412	00035.9217	00220.3061	00000.1773
00037.8752	00220.0442	00000.1412	00037.5589	00220.6812	00000.1855
00038.8252	00220.0502	00000.1512	00038.6335	00221.0580	00000.1894
00051.4011	00220.0445	00000.2012	00051.1018	00220.2527	00000.2405
00061.1312	00220.0445	00000.2412	00060.7450	00220.1456	00000.2822
00070.8912	00220.0511	00000.2912	00070.2916	00220.1456	00000.3252
00080.5612	00220.0412	00000.3312	00079.9407	00220.7350	00000.3677
00102.3212	00220.0378	00000.4312	00101.5365	00220.6812	00000.4644
00131.4412	00220.0511	00000.5612	00130.4418	00220.0392	00000.5935
00140.2912	0000243.7556	00110.0206	00001.0855	00483.3616	00220.1189	00002.1930
00971.4045	00220.0478	00004.3778	00960.0345	00218.7127	00004.3650
01451.8345	00220.0412	00006.5612	01430.6580	00218.5545	00006.5281
01933.1978	00220.0545	00008.7512	01900.2175	00219.0821	00008.6907
00000.8611	00220.0462	00000.0312	00000.0000	00000.0000	00000.0000

00001.8311	00220.0472	00000.0312	00001.8187	00221.1388	00000.0724
00003.6152	00220.0482	00000.0312	00003.5414	00220.5744	00000.0741
00004.5822	00220.0511	00000.0312	00004.4220	00220.1456	00000.0733
00006.8471	00220.0442	00000.0412	00006.6783	00221.2195	00000.0804
00008.6722	00220.0452	00000.0412	00008.7976	00220.6812	00000.0815
00008.2009	00171.1487	00000.0320	00010.7027	00221.2195	00000.0888
00011.5372	00220.0482	00000.0512	00011.5526	00220.4131	00000.0883
00013.3352	00220.0462	00000.0512	00013.3314	00220.6812	00000.0947
00014.2932	00220.0482	00000.0512	00014.1621	00220.1456	00000.0975
00015.6372	00220.0481	00000.0612	00015.3751	00220.6812	00000.1005
00016.6052	00220.0502	00000.0612	00016.3426	00221.2195	00000.1041
00018.3992	00220.0472	00000.0712	00018.5024	00219.8787	00000.1102
00020.2912	00220.0491	00000.0712	00020.3264	00221.1656	00000.1175
00021.2811	00220.0472	00000.0811	00021.2833	00220.2527	00000.1187
00023.0592	00220.0542	00000.0811	00022.9115	00221.0580	00000.1271
00025.3552	00220.0482	00000.0911	00025.1652	00220.6277	00000.1356
00026.3332	00220.0531	00000.1011	00026.2815	00220.1456	00000.1386
00028.1232	00220.0482	00000.1011	00028.0902	00219.8787	00000.1460
00030.0121	00220.0522	00000.1112	00029.9374	00221.1118	00000.1520
00032.8062	00220.0492	00000.1212	00032.5249	00220.1456	00000.1642
00033.7622	00220.0512	00000.1312	00033.5578	00220.1456	00000.1680
00036.0392	00220.0531	00000.1412	00035.8770	00220.2528	00000.1772
00037.8632	00220.0492	00000.1412	00037.5883	00220.1189	00000.1843
00038.8252	00220.0512	00000.1512	00038.5911	00220.3063	00000.1895
00051.4011	00220.0478	00000.2012	00051.0976	00220.6812	00000.2407
00061.1312	00220.0545	00000.2412	00060.7211	00220.1456	00000.2826
00070.8512	00220.0578	00000.2912	00070.3145	00221.0582	00000.3253
00080.5411	00220.0511	00000.3312	00079.9386	00220.5740	00000.3681
00102.3412	00220.0511	00000.4312	00101.4656	00220.7356	00000.4637
00131.4412	00220.0412	00000.5612	00130.3238	00221.2195	00000.5937
00140.2111	00220.0545	00000.6011	00139.1078	00220.1485	00000.6329
00487.2612	00220.0511	00002.1711	00482.8850	00220.4131	00002.1893
00970.6778	00220.0545	00004.3712	00959.6019	00219.6125	00004.3623
01450.7012	00220.0612	00006.5545	01429.3222	00218.5805	00006.5226
01931.7545	00220.0478	00008.7445	01898.8178	00218.5542	00008.6995
00000.8502	00220.0432	00000.0312	00000.0000	00000.0000	00000.0000

00000.7331	00109.9952	00000.0011	00000.6206	00110.1396	00000.0500
00001.1942	00109.9992	00000.0011	00000.8193	00110.1396	00000.0515
00001.4452	00109.9982	00000.0021	00001.3494	00110.1130	00000.0500
00001.9972	00109.9972	00000.0112	00001.8597	00110.1262	00000.0519
00002.4512	00109.9972	00000.0112	00002.3194	00110.0194	00000.0512
00002.9232	00109.9982	00000.0112	00002.8325	00109.9127	00000.0516
00003.1752	00109.9972	00000.0112	00003.0887	00109.9927	00000.0518
00003.6452	00109.9992	00000.0112	00003.4874	00110.0728	00000.0582
00003.8752	00109.9982	00000.0112	00003.7071	00110.1931	00000.0553
00004.1892	00109.9962	00000.0212	00004.0469	00110.2467	00000.0619
00004.4412	00109.9962	00000.0212	00004.2436	00110.1865	00000.0626
00004.8812	00109.9972	00000.0212	00004.8386	00110.0728	00000.0628
00005.3652	00109.9992	00000.0212	00005.2118	00109.9128	00000.0630
00005.5812	00109.9962	00000.0212	00005.4021	00110.0396	00000.0639
00006.0572	00109.9962	00000.0312	00005.8821	00110.0728	00000.0724
00006.6062	00109.9962	00000.0312	00006.4511	00110.0728	00000.0724
00006.8532	00109.9972	00000.0312	00006.6858	00109.9393	00000.0733
00007.3231	00109.9992	00000.0412	00007.1206	00109.8728	00000.0798
00007.7872	00109.9962	00000.0412	00007.5960	00110.1195	00000.0810
00008.4692	00109.9982	00000.0412	00008.2454	00109.9393	00000.0889
00008.7361	00109.9982	00000.0512	00008.5541	00110.2065	00000.0892
00009.2891	00109.9982	00000.0512	00009.1009	00110.1664	00000.0954
00009.7651	00109.9962	00000.0512	00009.4788	00110.1195	00000.0964
00009.9791	00110.0002	00000.0612	00009.7692	00110.0728	00000.0989
00013.1011	00109.9945	00000.0811	00012.7889	00110.0728	00000.1248
00015.5012	00109.9978	00000.1012	00015.3565	00110.0728	00000.1458
00017.9812	00110.0011	00000.1212	00017.6782	00110.0128	00000.1660
00020.4245	00109.9978	00000.1512	00020.1163	00110.0728	00000.1865
00025.8911	00109.9978	00000.1912	00025.5066	00109.9527	00000.2341
00033.1812	00109.9978	00000.2612	00032.6788	00109.8861	00000.2988
00035.3112	00110.0011	00000.2812	00034.8708	00110.0728	00000.3180
00122.0478	00109.9978	00001.0712	00120.3839	00109.7199	00001.0930
00243.1612	00109.9978	00002.1711	00239.3600	00109.3627	00002.1803
00363.1811	00110.0011	00003.2612	00356.7630	00109.0931	00003.2585
00483.6712	00109.9945	00004.3612	00474.2447	00108.8182	00004.3407
00000.5172	00109.9992	00000.0011	00000.0000	00000.0000	00000.0000

00000.7391	00109.9992	00000.0011	00000.5955	00110.2065	00000.0500
00001.1842	00109.9962	00000.0011	00000.7998	00110.1664	00000.0511
00001.4272	00109.9972	00000.0032	00001.3634	00110.2065	00000.0501
00001.9922	00109.9942	00000.0112	00001.8967	00110.1396	00000.0509
00002.4832	00110.0012	00000.0112	00002.3470	00110.0728	00000.0510
00002.9182	00109.9972	00000.0112	00002.7697	00110.1530	00000.0511
00003.1692	00109.9972	00000.0112	00003.0474	00110.2065	00000.0553
00003.6212	00109.9992	00000.0112	00003.4988	00110.2065	00000.0572
00003.8752	00109.9982	00000.0112	00003.7408	00110.0061	00000.0596
00004.1952	00109.9962	00000.0212	00004.0032	00110.0728	00000.0625
00004.4412	00109.9992	00000.0212	00004.2655	00110.2065	00000.0625
i00004.3655	00097.7755	00000.0188	00004.7306	00110.0060	00000.0625
00005.3492	00109.9992	00000.0212	00005.1300	00110.0861	00000.0656
00005.5932	00109.9992	00000.0212	00005.4670	00110.0060	00000.0670
00006.0572	00109.9992	00000.0312	00005.8783	00110.2065	00000.0722
00006.6162	00109.9962	00000.0312	00006.4616	00109.8728	00000.0724
00006.8772	00109.9992	00000.0312	00006.6399	00110.0728	00000.0728
00007.3172	00109.9962	00000.0412	00007.1497	00110.0060	00000.0800
00007.7872	00110.0022	00000.0412	00007.5374	00110.1196	00000.0812
00008.4512	00110.0002	00000.0412	00008.3403	00110.1396	00000.0890
00008.7181	00109.9962	00000.0512	00008.5088	00110.0728	00000.0896
00009.2891	00109.9982	00000.0512	00009.0711	00110.1931	00000.0952
00009.7471	00110.0012	00000.0512	00009.5033	00110.1063	00000.0967
00010.0011	00109.9952	00000.0612	00009.8432	00110.0060	00000.1014
00013.1612	00109.9945	00000.0811	00012.8351	00110.0728	00000.1238
00015.5612	00109.9978	00000.1012	00015.2796	00110.0728	00000.1448
00017.9812	00109.9978	00000.1212	00017.6485	00110.0060	00000.1661
00020.3845	00110.0011	00000.1512	00020.1000	00110.1931	00000.1865
00025.8711	00110.0011	00000.1912	00025.4831	00110.1931	00000.2352
00033.1412	00109.9912	00000.2612	00032.6455	00110.0728	00000.2983
00035.3512	00109.9912	00000.2812	00034.9237	00109.9393	00000.3178
00122.2211	00109.9978	00001.0712	00120.6924	00109.7333	00001.0957
00243.2212	00110.0011	00002.1711	00239.5602	00109.3759	00002.1822
00363.1811	00110.0011	00003.2612	00356.7370	00109.1456	00003.2585
00483.7112	00109.9945	00004.3612	00474.2309	00108.8182	00004.3436
00000.4872	00109.9982	00000.0011	00000.0000	00000.0000	00000.0000

00000.7272	00109.9992	00000.0011	00000.6143	00110.1396	00000.0505
00001.1731	00109.9952	00000.0011	00000.9144	00109.8728	00000.0501
00001.4572	00110.0022	00000.0021	00001.3285	00110.1396	00000.0506
00001.9922	00110.0002	00000.0112	00001.7572	00110.1664	00000.0507
00002.4411	00109.9982	00000.0112	00002.3723	00110.0728	00000.0530
00002.9292	00109.9962	00000.0112	00002.8399	00110.0795	00000.0518
00003.1812	00109.9972	00000.0112	00003.0569	00110.0995	00000.0536
00003.6152	00109.9962	00000.0112	00003.5062	00110.0895	00000.0580
00003.8572	00109.9962	00000.0112	00003.6555	00110.1865	00000.0582
00004.1952	00109.9982	00000.0212	00004.0343	00110.1196	00000.0623
00004.4411	00109.9932	00000.0212	00004.3102	00110.0728	00000.0625
00004.8992	00109.9992	00000.0212	00004.7134	00110.1598	00000.0626
00005.3322	00110.0002	00000.0212	00005.2242	00110.0661	00000.0629
00005.5812	00109.9942	00000.0212	00005.4520	00110.0728	00000.0638
00006.0272	00109.9972	00000.0312	00005.9110	00110.2065	00000.0722
00006.5902	00109.9982	00000.0312	00006.3726	00110.2065	00000.0729
00006.8832	00109.9972	00000.0312	00006.7173	00110.0995	00000.0743
00007.3172	00109.9972	00000.0412	00007.1803	00110.0060	00000.0797
00007.7931	00109.9972	00000.0412	00007.6673	00110.0060	00000.0813
00008.4572	00110.0022	00000.0412	00008.3126	00110.2065	00000.0889
00008.7151	00109.9972	00000.0512	00008.5026	00110.0728	00000.0891
00009.3192	00109.9962	00000.0512	00009.0481	00110.0728	00000.0955
00009.7291	00109.9972	00000.0512	00009.5969	00110.0060	00000.0961
00009.9961	00109.9962	00000.0612	00009.8188	00110.0661	00000.0979
00013.1412	00109.9978	00000.0811	00012.8808	00110.0728	00000.1239
00015.5612	00109.9978	00000.1012	00015.2120	00110.0060	00000.1453
00018.0211	00109.9978	00000.1212	00017.6731	00110.0728	00000.1659
00020.4411	00110.0011	00000.1512	00020.0449	00110.0728	00000.1862
00025.8711	00109.9978	00000.1912	00025.5279	00109.9727	00000.2353
00033.1212	00110.0011	00000.2612	00032.6787	00110.0327	00000.2985
00035.3678	00110.0011	00000.2812	00034.8734	00110.0060	00000.3179
00122.3412	00109.9945	00001.0712	00120.7802	00109.7731	00001.0956
00243.3912	00109.9978	00002.1711	00239.6469	00109.3759	00002.1816
00363.3912	00109.9978	00003.2612	00356.8878	00109.0668	00003.2613
00483.8812	00109.9978	00004.3612	00474.1483	00108.7986	00004.3429
00000.4811	00109.9992	00000.0011	00000.0000	00000.0000	00000.0000
